youtube.com	/	watch	200	410419123	91596783	161132334	84	6928214	3
youtube.com	/	watch	200	410422941	91596783	161132334	120	6928214	3
youtube.com	/	watch	200	410415625	91596783	161132334	63	6928214	5
youtube.com	/	watch	200	410418627	91596783	161132334	2	6928214	3
youtube.com	/	watch	200	410422787	91596783	161132334	13	7550015	3
youtube.com	/	/	200	410418608	91596783	161132334	19	6174440	3
facebook.com	/	/	302	410418633	91596783	161132334	23	6056310	3
youtube.com	/	watch	200	410422538	91596783	161132334	39	3718815	3
youtube.com	/	watch	200	410422800	91596783	161132334	48	3718815	3
youtube.com	/	watch	200	410422495	91596783	161132334	35	3718815	3
youtube.com	/	watch	200	410422740	91596783	161132334	31	3718815	3
facebook.com	/	/	200	410418662	91596783	161132334	58	3531701	3
facebook.com	/	update_security_info.php	200	410418656	91596783	161132334	6	3531701	3
youtube.com	/	watch	200	410422771	91596783	161132334	7	3718815	3
youtube.com	/	watch	200	410422647	91596783	161132334	42	3718815	3
youtube.com	/	watch	200	410422848	91596783	161132334	90	3718815	3
youtube.com	/	watch	200	410422689	91596783	161132334	51	3718815	3
youtube.com	/	watch	200	410422577	91596783	161132334	44	3718815	3
youtube.com	/	watch	200	410422621	91596783	161132334	26	3718815	3
youtube.com	/	watch	200	410422530	91596783	161132334	8	3718815	3
youtube.com	/	watch	200	410422778	91596783	161132334	9	3718815	3
youtube.com	/	results	200	410422938	91596783	161132334	3	3718815	3
shopjustice.com	girls-clothing/shoes-boots	flats	200	410473528	107273007	161418222	13	5235666	3
shopjustice.com	girls-clothing	clearance-sale	200	410473305	107273007	161418222	10	5235666	3
shopjustice.com	9531/8371357	reviews.htm	200	410473567	107273007	161418222	26	5235666	3
shopjustice.com	girls-clothing/gifts	glam-girl	200	410473334	107273007	161418222	15	5235666	3
shopjustice.com	girls-clothing/clothes	jeans	200	410473316	107273007	161418222	18	5235666	3
shopjustice.com	girls-clothing/school-uniforms	uniforms	200	410473613	107273007	161418222	16	5235666	3
shopjustice.com	girls-clothing/mesh-floral-bubble-party-dress/8371357	610	200	410473564	107273007	161418222	3	5235666	3
shopjustice.com	girls-clothing/glitter-kitten-heels	7191342	200	410473541	107273007	161418222	3	5235666	3
shopjustice.com	9531/7191342	reviews.htm	200	410473544	107273007	161418222	20	5235666	3
shopjustice.com	girls-clothing/room-tech-toys	room-accessories	200	410473501	107273007	161418222	27	5235666	3
shopjustice.com	girls-clothing/room-tech-toys	novi-stars	200	410473457	107273007	161418222	29	5235666	3
shopjustice.com	girls-clothing	room-tech-toys	200	410473629	107273007	161418222	17	5235666	3
shopjustice.com	girls-clothing/gifts	fashionista-girl	200	410473646	107273007	161418222	18	5235666	3
shopjustice.com	girls-clothing/room-tech-toys	monster+high	200	410473440	107273007	161418222	17	5235666	3
shopjustice.com	girls-clothing/gifts	glam-girl	200	410473349	107273007	161418222	25	5235666	3
shopjustice.com	girls-clothing/sequin-border-dress/8371363	668	200	410473593	107273007	161418222	2	5235666	3
shopjustice.com	girls-clothing/room-tech-toys	monster+high	200	410473374	107273007	161418222	66	5235666	3
shopjustice.com	9531/8371363	reviews.htm	200	410473595	107273007	161418222	18	5235666	3
shopjustice.com	girls-clothing/room-tech-toys	journals	200	410473486	107273007	161418222	15	5235666	3
shopjustice.com	girls-clothing/gifts	sporty-girl	200	410473664	107273007	161418222	14	5235666	3
youtube.com	/	watch	200	410484562	97925570	161996622	120	3718815	3
youtube.com	/	/	200	410403807	86773345	162082374	61	6174440	3
youtube.com	/	watch	200	410402563	86773345	162082374	0	6928214	3
youtube.com	/	watch	200	410405644	86773345	162082374	66	7550008	3
youtube.com	/	watch	200	410405270	86773345	162082374	374	7550008	3
youtube.com	/	watch	200	410405710	86773345	162082374	25	7550008	3
youtube.com	/	watch	200	410402534	86773345	162082374	6	3718815	3
youtube.com	/	watch	200	410402564	86773345	162082374	28	3718815	3
youtube.com	/	results	200	410402526	86773345	162082374	8	3718815	3
youtube.com	/	watch	200	410402420	86773345	162082374	106	3718815	3
youtube.com	/	watch	200	410402540	86773345	162082374	10	3718815	3
youtube.com	/	results	200	410403868	86773345	162082374	52	3718815	3
youtube.com	/	watch	200	410403920	86773345	162082374	120	3718815	3
youtube.com	/	watch	200	410402563	86773345	162082374	1	3718815	3
youtube.com	/	watch	200	410402550	86773345	162082374	13	3718815	3
youtube.com	/	watch	200	410402563	86773345	162082374	0	3718815	3
amazon.com	/	/	200	410483049	117256144	162185166	11	671065	3
facebook.com	/	/	302	410406762	121408958	162366414	30	6056310	3
facebook.com	/	/	302	410406851	121408958	162366414	66	6056310	3
youtube.com	/	watch	200	410411158	125748538	162565398	120	3718815	3
youtube.com	/	results	200	410411149	125748538	162565398	9	3718815	3
youtube.com	/	results	200	410411127	125748538	162565398	22	3718815	3
youtube.com	/	watch	200	410482171	126481653	162583662	120	6928214	3
youtube.com	/	/	200	410460140	126481653	162583662	20	6174440	3
youtube.com	/	watch	200	410460171	126481653	162583662	120	6928214	3
youtube.com	/	results	200	410460447	126481653	162583662	5	3718815	3
youtube.com	user	ilkjlmnli	200	410482147	126481653	162583662	20	3718815	3
youtube.com	/	watch	200	410460452	126481653	162583662	600	3718815	3
youtube.com	/	results	200	410482167	126481653	162583662	4	3718815	3
youtube.com	/	results	200	410460160	126481653	162583662	11	3718815	3
youtube.com	/	results	200	410401619	126481722	162583998	16	3718815	3
youtube.com	/	/	200	410401594	126481722	162583998	25	6174440	3
youtube.com	/	watch	200	410479357	126483715	162600678	49	3718815	3
youtube.com	/	results	200	410479356	126483715	162600678	1	3718815	3
youtube.com	/	/	200	410478902	126483715	162600678	5	6174440	3
youtube.com	/	watch	200	410478907	126483715	162600678	171	7549991	3
youtube.com	/	watch	200	410479167	126483715	162600678	120	7549991	3
youtube.com	/	watch	200	410479078	126483715	162600678	89	7549991	3
amazon.com	gp/bit/apps/alexa/PING	ping?tagbase=realnetworks-abb&tbId=2Aq2g1oYMf00Wk&thirdpartyid=&plugin=amzng-2.2.2012.275	200	410474553	127089731	162639582	0	671065	3
amazon.com	gp/bit/toolbar	3.0	200	410474553	127089731	162639582	10	671065	3
youtube.com	/	results	200	410405017	128458891	162685158	18	3718815	3
youtube.com	/	watch	200	410405035	128458891	162685158	21	3718815	3
facebook.com	/	index.php	200	410422283	130669375	162768198	58	3531701	5
facebook.com	register	confirm.php	200	410484543	131584989	162816870	403	3531701	5
facebook.com	/	index.php	302	410484243	131584989	162816870	4	3531701	3
facebook.com	register	confirm.php	200	410484994	131584989	162816870	52	3531701	5
facebook.com	register	confirm.php	200	410484946	131584989	162816870	48	3531701	5
facebook.com	/	index.php	200	410484247	131584989	162816870	27	3531701	5
facebook.com	pookieePoohswag	photos	200	410484225	131584989	162816870	1	5713857	3
facebook.com	pookieePoohswag	photos	200	410484210	131584989	162816870	1	5713857	3
facebook.com	pookieePoohswag	photos_stream	200	410484211	131584989	162816870	14	5713857	3
facebook.com	pookieePoohswag	photos	200	410484226	131584989	162816870	17	5713857	3
youtube.com	/	watch	200	410428195	126497274	162859542	33	3718815	3
youtube.com	/	watch	200	410428280	126497274	162859542	167	3718815	3
youtube.com	/	results	200	410428228	126497274	162859542	52	3718815	3
facebook.com	/	digiorno	200	410483051	16419204	200064438	21	7509954	3
facebook.com	/	digiorno	200	410483111	16419204	200064438	2	7509954	3
facebook.com	/	notifications	200	410482429	16419204	200064438	120	3531701	3
facebook.com	dialog	permissions.request	302	410483110	16419204	200064438	1	3531701	5
twitter.com	/	FocusGroups	200	410421023	16419204	200064438	41	4272659	5
youtube.com	/	watch	200	410486337	63890441	202461726	60	7550008	3
youtube.com	/	/	200	410486242	63890441	202461726	82	6174440	3
youtube.com	/	results	200	410486324	63890441	202461726	13	3718815	3
youtube.com	/	watch	200	410414672	67615086	209178582	57	6928214	3
walmart.com	/	/	200	410407752	67615086	209178582	116	6165126	3
youtube.com	/	/	200	410411639	67615086	209178582	120	6174440	3
youtube.com	/	/	200	410423111	67615086	209178582	60	6174440	3
youtube.com	/	watch	200	410413331	67615086	209178582	600	6928214	3
target.com	psp/DPPSAPP/EMPLOYEE/EMPL/h	/	302	410465983	67615086	209178582	1	689378	5
walmart.com	/	/	200	410407922	67615086	209178582	100	689423	3
walmart.com	/	/	200	410407910	67615086	209178582	4	689423	3
walmart.com	our-career-areas	/	200	410408022	67615086	209178582	18	689423	3
walmart.com	/	/	200	410407868	67615086	209178582	42	689423	3
target.com	psp/DPPSAPP/EMPLOYEE/EMPL/h	/	200	410466011	67615086	209178582	3	689378	5
target.com	SecurityBrokerage/forms	smformredirectENG.htm	200	410466002	67615086	209178582	3	689378	5
target.com	psc/DPPSAHP/EMPLOYEE/HRMS/c	ROLE_EMPLOYEE.PY_IC_PAY_INQ.GBL	200	410466203	67615086	209178582	7	689378	5
target.com	psc/DPPSAHP/EMPLOYEE/HRMS/c	ROLE_EMPLOYEE.PY_IC_PAY_INQ.GBL	200	410466023	67615086	209178582	10	689378	5
target.com	SiteMinder	logonPWProcess.jsp	200	410466001	67615086	209178582	1	689378	5
target.com	psp/DPPSAPP/EMPLOYEE/HRMS/c	ROLE_EMPLOYEE.PY_IC_PAY_INQ.GBL	200	410466018	67615086	209178582	5	689378	5
target.com	SiteMinder	secweb-Internet.jsp	200	410465984	67615086	209178582	17	689378	5
target.com	psc/DPPSAPP/EMPLOYEE/EMPL/s	WEBLIB_PT_NAV.ISCRIPT2.FieldFormula.IScript_PT_NAV_PAGELET	200	410466014	67615086	209178582	4	689378	5
target.com	spot	team-services	200	410465971	67615086	209178582	12	689378	3
target.com	psc/DPPSAHP/EMPLOYEE/HRMS/c	ROLE_EMPLOYEE.PY_IC_PAY_INQ.GBL	200	410466281	67615086	209178582	60	689378	5
target.com	/	/	200	410465947	67615086	209178582	9	689378	3
target.com	psc/DPPSAHP/EMPLOYEE/HRMS/c	ROLE_EMPLOYEE.PY_IC_PAY_INQ.GBL	200	410466217	67615086	209178582	64	689378	5
target.com	psc/DPPSAHP/EMPLOYEE/HRMS/c	ROLE_EMPLOYEE.PY_IC_PAY_INQ.GBL	200	410466210	67615086	209178582	7	689378	5
target.com	psc/DPPSAHP/EMPLOYEE/HRMS/c	ROLE_EMPLOYEE.PY_IC_PAY_INQ.GBL	200	410466033	67615086	209178582	170	689378	5
target.com	psp/DPPSAPP/EMPLOYEE/EMPL/h	/	302	410466005	67615086	209178582	6	689378	5
youtube.com	/	watch	200	410414755	67615086	209178582	287	3718815	3
youtube.com	/	watch	200	410415196	67615086	209178582	201	3718815	3
youtube.com	/	watch	200	410416050	67615086	209178582	87	3718815	3
youtube.com	/	watch	200	410415677	67615086	209178582	168	3718815	3
youtube.com	/	results	200	410416038	67615086	209178582	12	3718815	3
youtube.com	/	watch	200	410416148	67615086	209178582	600	3718815	3
youtube.com	/	results	200	410416137	67615086	209178582	11	3718815	3
youtube.com	/	watch	200	410415048	67615086	209178582	90	3718815	3
youtube.com	/	watch	200	410412847	67615086	209178582	470	3718815	3
youtube.com	/	results	200	410414729	67615086	209178582	26	3718815	3
youtube.com	/	watch	200	410422506	67615086	209178582	120	3718815	3
youtube.com	/	results	200	410415042	67615086	209178582	6	3718815	3
youtube.com	/	results	200	410415187	67615086	209178582	9	3718815	3
youtube.com	/	watch	200	410415397	67615086	209178582	110	3718815	3
youtube.com	/	watch	200	410421951	67615086	209178582	555	3718815	3
youtube.com	/	results	200	410413317	67615086	209178582	14	3718815	3
youtube.com	/	watch	200	410415845	67615086	209178582	193	3718815	3
youtube.com	/	watch	200	410415514	67615086	209178582	163	3718815	3
youtube.com	/	results	200	410415507	67615086	209178582	7	3718815	3
youtube.com	/	results	200	410415171	67615086	209178582	16	3718815	3
youtube.com	/	results	200	410415138	67615086	209178582	33	3718815	3
youtube.com	/	results	200	410412821	67615086	209178582	26	3718815	3
youtube.com	/	watch	200	410421262	67615086	209178582	600	3718815	3
youtube.com	/	/	200	410411607	67615086	209178582	32	15276118	5
facebook.com	/	/	200	410411210	82823788	224546190	12	6056310	5
facebook.com	/	/	200	410411526	82823788	224546190	10	6056310	5
facebook.com	/	/	200	410411474	82823788	224546190	6	6056310	5
facebook.com	/	/	200	410461352	82823788	224546190	44	6056310	5
facebook.com	/	/	200	410476951	82823788	224546190	24	6056310	5
facebook.com	/	/	200	410457897	82823788	224546190	34	6056310	5
facebook.com	/	/	200	410454857	82823788	224546190	42	6056310	5
facebook.com	/	/	200	410459742	82823788	224546190	5	6056310	3
facebook.com	/	/	200	410411330	82823788	224546190	6	6056310	5
facebook.com	/	/	200	410411435	82823788	224546190	9	6056310	5
facebook.com	/	/	200	410411282	82823788	224546190	7	6056310	5
facebook.com	ajax/pagelet/generic.php	MoreStoriesPagelet	200	410454899	82823788	224546190	61	14932183	5
facebook.com	ajax/pagelet/generic.php	MoreStoriesPagelet	200	410459627	82823788	224546190	5	14932183	5
facebook.com	ajax/pagelet/generic.php	MoreStoriesPagelet	200	410411588	82823788	224546190	35	14932183	5
facebook.com	/	/	200	410457990	82823788	224546190	4	6056310	5
facebook.com	/	/	200	410411583	82823788	224546190	5	6056310	5
facebook.com	/	/	200	410459702	82823788	224546190	11	6056310	3
facebook.com	/	logout.php	302	410457893	82823788	224546190	4	4934870	3
facebook.com	/	/	200	410411398	82823788	224546190	6	6056310	5
facebook.com	/	/	200	410457931	82823788	224546190	22	6056310	5
facebook.com	/	/	200	410476908	82823788	224546190	18	6056310	5
facebook.com	ajax/pagelet/generic.php	MoreStoriesPagelet	200	410459587	82823788	224546190	4	14932183	5
facebook.com	ajax/pagelet/generic.php	MoreStoriesPagelet	200	410411536	82823788	224546190	8	14932183	5
facebook.com	farmville-two	/	200	410459749	82823788	224546190	1	15868848	3
facebook.com	farmville-two	viral.php	200	410459396	82823788	224546190	19	15868848	5
facebook.com	farmville-two	viral.php	200	410411289	82823788	224546190	14	15868848	5
facebook.com	farmville-two	viral.php	200	410411364	82823788	224546190	13	15868848	5
facebook.com	farmville-two	viral.php	200	410459713	82823788	224546190	19	15868848	5
facebook.com	farmville-two	viral.php	200	410459569	82823788	224546190	3	15868848	5
facebook.com	farmville-two	/	200	410457994	82823788	224546190	0	15868848	5
facebook.com	farmville-two	viral.php	200	410411222	82823788	224546190	18	15868848	5
facebook.com	farmville-two	viral.php	200	410411480	82823788	224546190	12	15868848	5
facebook.com	farmville-two	/	200	410477001	82823788	224546190	25	15868848	5
facebook.com	farmville-two	viral.php	200	410459632	82823788	224546190	11	15868848	5
facebook.com	farmville-two	viral.php	200	410411544	82823788	224546190	16	15868848	5
facebook.com	farmville-two	viral.php	200	410476926	82823788	224546190	9	15868848	5
facebook.com	farmville-two	viral.php	200	410459433	82823788	224546190	14	15868848	5
facebook.com	farmville-two	viral.php	200	410411444	82823788	224546190	11	15868848	5
facebook.com	farmville-two	viral.php	200	410411336	82823788	224546190	15	15868848	5
facebook.com	farmville-two	viral.php	200	410457953	82823788	224546190	25	15868848	5
facebook.com	ajax/pagelet/generic.php	MoreStoriesPagelet	200	410476975	82823788	224546190	17	14932183	5
facebook.com	ajax/pagelet/generic.php	MoreStoriesPagelet	200	410459694	82823788	224546190	4	14932183	5
facebook.com	ajax/pagelet/generic.php	MoreStoriesPagelet	200	410466185	82823788	224546190	6	14932183	5
facebook.com	ajax/pagelet/generic.php	MoreStoriesPagelet	200	410461396	82823788	224546190	11	14932183	5
facebook.com	farmville-two	/	200	410411628	82823788	224546190	21	15868848	5
facebook.com	farmville-two	viral.php	200	410459591	82823788	224546190	13	15868848	5
facebook.com	farmville-two	viral.php	200	410459514	82823788	224546190	11	15868848	5
facebook.com	farmville-two	/	200	410454967	82823788	224546190	120	15868848	5
facebook.com	farmville-two	viral.php	200	410459476	82823788	224546190	15	15868848	5
facebook.com	farmville-two	viral.php	200	410459359	82823788	224546190	21	15868848	5
facebook.com	farmville-two	viral.php	200	410411404	82823788	224546190	13	15868848	5
facebook.com	farmville-two	session.php	200	410465017	82823788	224546190	120	15868848	5
facebook.com	farmville-two	/	200	410461407	82823788	224546190	3	15868848	5
facebook.com	farmville-two	/	200	410466201	82823788	224546190	45	15868848	5
facebook.com	dialog	apprequests	200	410458661	82823788	224546190	600	3531701	5
facebook.com	/	/	200	410459391	82823788	224546190	5	3531701	5
facebook.com	/	/	200	410459584	82823788	224546190	3	3531701	5
facebook.com	dialog	apprequests	200	410458108	82823788	224546190	327	3531701	5
facebook.com	/	/	200	410476892	82823788	224546190	16	3531701	5
facebook.com	dialog	apprequests	200	410461752	82823788	224546190	60	3531701	5
facebook.com	/	index.php	200	410459698	82823788	224546190	4	3531701	5
facebook.com	dialog	apprequests	200	410411764	82823788	224546190	224	3531701	5
facebook.com	ajax/home	generic.php	200	410466191	82823788	224546190	8	4408844	5
facebook.com	ajax/home	generic.php	200	410411623	82823788	224546190	2	4408844	5
facebook.com	dialog	apprequests	200	410411743	82823788	224546190	21	3531701	5
facebook.com	/	/	200	410459624	82823788	224546190	3	3531701	5
facebook.com	/	/	200	410459471	82823788	224546190	5	3531701	5
facebook.com	dialog	apprequests	200	410461612	82823788	224546190	140	3531701	5
facebook.com	appcenter	requests	200	410459747	82823788	224546190	2	3531701	3
facebook.com	dialog	apprequests	200	410455907	82823788	224546190	600	3531701	5
facebook.com	/	/	200	410459554	82823788	224546190	15	3531701	5
facebook.com	dialog	apprequests	200	410458539	82823788	224546190	122	3531701	5
facebook.com	/	/	200	410459428	82823788	224546190	5	3531701	5
facebook.com	/	/	200	410411197	82823788	224546190	13	3531701	5
facebook.com	/	/	200	410454837	82823788	224546190	20	3531701	5
facebook.com	/	/	200	410459508	82823788	224546190	6	3531701	5
facebook.com	/	index.php	200	410461331	82823788	224546190	21	3531701	5
facebook.com	/	/	200	410459689	82823788	224546190	5	3531701	5
facebook.com	/	/	200	410465726	82823788	224546190	120	3531701	5
facebook.com	/	/	200	410459347	82823788	224546190	12	3531701	5
facebook.com	dialog	apprequests	200	410458435	82823788	224546190	104	3531701	5
facebook.com	/	index.php	302	410483949	82566886	230185494	60	3531701	3
facebook.com	/	index.php	302	410475478	82566886	230185494	120	3531701	3
facebook.com	/	index.php	302	410476403	82566886	230185494	120	3531701	3
facebook.com	/	index.php	302	410478354	82566886	230185494	120	3531701	3
facebook.com	/	/	200	410483784	82566886	230185494	57	3531701	3
facebook.com	ajax/pagelet/generic.php	PhotoViewerInitPagelet	200	410474898	82566886	230185494	5	3927365	3
facebook.com	ajax/pagelet/generic.php	PhotoViewerInitPagelet	200	410474455	82566886	230185494	9	3927365	3
facebook.com	ajax/pagelet/generic.php	PhotoViewerPagelet	200	410476246	82566886	230185494	4	3927365	3
facebook.com	ajax/pagelet/generic.php	PhotoViewerPagelet	200	410474523	82566886	230185494	31	3927365	3
facebook.com	ajax/pagelet/generic.php	TimelinePhotosStreamPagelet	200	410475028	82566886	230185494	11	3927365	3
facebook.com	ajax/pagelet/generic.php	PhotoViewerPagelet	200	410474933	82566886	230185494	55	3927365	3
facebook.com	ajax/pagelet/generic.php	PhotoViewerInitPagelet	200	410476195	82566886	230185494	7	3927365	3
facebook.com	ajax/pagelet/generic.php	PhotoViewerInitPagelet	200	410475338	82566886	230185494	26	3927365	3
facebook.com	ajax/pagelet/generic.php	PhotoViewerPagelet	200	410476202	82566886	230185494	30	3927365	3
facebook.com	ajax/pagelet/generic.php	PhotoViewerPagelet	200	410476232	82566886	230185494	10	3927365	3
facebook.com	ajax/pagelet/generic.php	TimelinePhotosStreamPagelet	200	410475011	82566886	230185494	12	3927365	3
facebook.com	ajax/pagelet/generic.php	PhotoViewerPagelet	200	410474903	82566886	230185494	12	3927365	3
facebook.com	ajax/pagelet/generic.php	PhotoViewerInitPagelet	200	410475323	82566886	230185494	15	3927365	3
facebook.com	ajax/pagelet/generic.php	PhotoViewerPagelet	200	410476242	82566886	230185494	4	3927365	3
facebook.com	ajax/pagelet/generic.php	PhotoViewerPagelet	200	410474372	82566886	230185494	17	3927365	3
facebook.com	ajax/pagelet/generic.php	PhotoViewerPagelet	200	410474924	82566886	230185494	9	3927365	3
facebook.com	ajax/pagelet/generic.php	PhotoViewerInitPagelet	200	410474474	82566886	230185494	49	3927365	3
facebook.com	ajax/pagelet/generic.php	PhotoViewerInitPagelet	200	410474185	82566886	230185494	8	3927365	3
facebook.com	IAMPANDAx3	photos_stream	200	410474997	82566886	230185494	9	3927365	3
facebook.com	ajax/pagelet/generic.php	TimelinePhotosStreamPagelet	200	410475023	82566886	230185494	5	3927365	3
facebook.com	ajax/pagelet/generic.php	PhotoViewerPagelet	200	410474355	82566886	230185494	17	3927365	3
facebook.com	ajax/pagelet/generic.php	PhotoViewerPagelet	200	410474915	82566886	230185494	9	3927365	3
facebook.com	ajax/pagelet/generic.php	TimelinePhotosStreamPagelet	200	410475039	82566886	230185494	9	3927365	3
facebook.com	ajax/pagelet/generic.php	PhotoViewerInitPagelet	200	410473847	82566886	230185494	120	3927365	3
barenecessities.com	/	AjaxService.aspx	200	410478787	82566886	230185494	7	687628	3
barenecessities.com	/	AjaxService.aspx	200	410478824	82566886	230185494	14	687628	3
barenecessities.com	/	/	200	410478783	82566886	230185494	4	687628	3
barenecessities.com	/	AjaxService.aspx	200	410479047	82566886	230185494	120	687628	3
barenecessities.com	util	GetDCMContent.aspx	200	410478794	82566886	230185494	29	687628	3
barenecessities.com	/	38DD-Bras_catalog_nxs,31,size,989.htm	200	410479043	82566886	230185494	4	687628	3
victoriassecret.com	/	bras	200	410478776	82566886	230185494	7	689341	3
facebook.com	ajax/pagelet/generic.php	PhotoViewerInitPagelet	200	410474349	82566886	230185494	6	3927365	3
facebook.com	ajax/pagelet/generic.php	PhotoViewerPagelet	200	410474389	82566886	230185494	66	3927365	3
facebook.com	ajax/pagelet/generic.php	PhotoViewerInitPagelet	200	410474330	82566886	230185494	19	3927365	3
facebook.com	ajax/pagelet/generic.php	ProfileTimelineSectionPagelet	200	410474147	82566886	230185494	8	13704975	3
facebook.com	ajax/pagelet/generic.php	MoreStoriesPagelet	200	410474784	82566886	230185494	97	14932183	3
facebook.com	ajax/pagelet/generic.php	MoreStoriesPagelet	200	410474671	82566886	230185494	104	14932183	3
facebook.com	ajax/pagelet/generic.php	MoreStoriesPagelet	200	410473773	82566886	230185494	64	14932183	3
facebook.com	/	/	200	410473367	82566886	230185494	120	6056310	3
facebook.com	/	/	200	410480515	82566886	230185494	120	6056310	3
facebook.com	ajax/pagelet/generic.php	MoreStoriesPagelet	200	410474775	82566886	230185494	9	14932183	3
facebook.com	ajax/pagelet/generic.php	MoreStoriesPagelet	200	410473837	82566886	230185494	10	14932183	3
facebook.com	ajax/pagelet/generic.php	MoreStoriesPagelet	200	410475252	82566886	230185494	46	14932183	3
facebook.com	ajax/pagelet/generic.php	MoreStoriesPagelet	200	410474881	82566886	230185494	4	14932183	3
facebook.com	ajax/pagelet/generic.php	MoreStoriesPagelet	200	410474464	82566886	230185494	6	14932183	3
facebook.com	/	/	200	410476786	82566886	230185494	120	6056310	3
facebook.com	/	/	302	410473334	82566886	230185494	2	6056310	3
facebook.com	/	/	200	410476160	82566886	230185494	34	6056310	3
facebook.com	stormfall	/	200	410480883	82566886	230185494	7	4761456	3
facebook.com	/	logout.php	302	410477505	82566886	230185494	87	4934870	3
facebook.com	ajax/pagelet/generic.php	TimelinePhotosStreamPagelet	200	410475006	82566886	230185494	5	3927365	3
facebook.com	/	bridjit.combs	200	410475298	82566886	230185494	3	5713857	3
facebook.com	/	/	200	410476253	82566886	230185494	8	5713857	3
facebook.com	ajax/pagelet/generic.php	TimelinePhotosStreamPagelet	200	410475425	82566886	230185494	38	5713857	3
facebook.com	/	/	200	410475048	82566886	230185494	6	5713857	3
facebook.com	/	elva.montoya.58	200	410474145	82566886	230185494	2	5713857	3
facebook.com	/	IAMPANDAx3	200	410474885	82566886	230185494	13	5713857	3
facebook.com	/	/	200	410477835	82566886	230185494	30	6056310	3
facebook.com	/	/	200	410474554	82566886	230185494	32	5713857	3
facebook.com	elva.montoya.58	photos	200	410474155	82566886	230185494	10	5713857	3
facebook.com	bridjit.combs	photos	200	410475301	82566886	230185494	18	5713857	3
facebook.com	ajax/pagelet/generic.php	TimelinePhotosPagelet	200	410474165	82566886	230185494	20	5713857	3
facebook.com	/	nightshadesally98	200	410474470	82566886	230185494	4	5713857	3
facebook.com	/	/	200	410474193	82566886	230185494	13	5713857	3
facebook.com	IAMPANDAx3	photos	200	410474988	82566886	230185494	3	5713857	3
facebook.com	ajax/pagelet/generic.php	TimelinePhotosStreamPagelet	200	410475463	82566886	230185494	15	5713857	3
facebook.com	ajax/pagelet/generic.php	TimelinePhotosPagelet	200	410475319	82566886	230185494	4	5713857	3
facebook.com	ajax/pagelet/generic.php	TimelinePhotosPagelet	200	410474991	82566886	230185494	6	5713857	3
facebook.com	/	erica.clark.543	200	410476194	82566886	230185494	1	5713857	3
facebook.com	bridjit.combs	photos_stream	200	410475418	82566886	230185494	7	5713857	3
facebook.com	farmville-two	/	200	410422024	86047232	233708790	6	15868848	5
facebook.com	farmville-two/	index.php	200	410422447	86047232	233708790	2	15868848	5
facebook.com	/	/	200	410421875	86047232	233708790	106	6056310	5
facebook.com	/	/	302	410421863	86047232	233708790	12	6056310	3
facebook.com	ajax/home	generic.php	200	410421981	86047232	233708790	10	4408844	5
facebook.com	dialog	apprequests	200	410423006	86047232	233708790	6	3531701	5
facebook.com	dialog	apprequests	200	410423016	86047232	233708790	5	3531701	5
facebook.com	dialog	apprequests	200	410423021	86047232	233708790	139	3531701	5
facebook.com	dialog	apprequests	200	410422878	86047232	233708790	128	3531701	5
facebook.com	dialog	apprequests	200	410423012	86047232	233708790	4	3531701	5
facebook.com	dialog	apprequests	200	410423160	86047232	233708790	60	3531701	5
facebook.com	ajax/pagelet/generic.php	PhotoViewerInitPagelet	200	410421991	86047232	233708790	33	3927365	5
facebook.com	ajax/pagelet/generic.php	MoreStoriesPagelet	200	410447879	80699384	234029214	97	14932183	5
facebook.com	ajax/pagelet/generic.php	MoreStoriesPagelet	200	410447976	80699384	234029214	43	14932183	5
facebook.com	ajax/pagelet/generic.php	MoreStoriesPagelet	200	410448250	80699384	234029214	22	14932183	5
facebook.com	/	login.php	302	410447830	80699384	234029214	5	12438930	5
facebook.com	/	/	200	410447835	80699384	234029214	13	6056310	5
facebook.com	/	/	200	410447848	80699384	234029214	31	6056310	5
facebook.com	ajax/pagelet/generic.php	MoreStoriesPagelet	200	410448272	80699384	234029214	8	14932183	5
facebook.com	ajax/pagelet/generic.php	PhotoViewerInitPagelet	200	410448019	80699384	234029214	23	3927365	5
facebook.com	ajax/pagelet/generic.php	PhotoViewerPagelet	200	410448093	80699384	234029214	48	3927365	5
facebook.com	ajax/pagelet/generic.php	PhotoViewerPagelet	200	410448064	80699384	234029214	29	3927365	5
facebook.com	ajax/pagelet/generic.php	PhotoViewerPagelet	200	410448169	80699384	234029214	18	3927365	5
facebook.com	ajax/pagelet/generic.php	PhotoViewerPagelet	200	410448187	80699384	234029214	63	3927365	5
facebook.com	ajax/pagelet/generic.php	PhotoViewerPagelet	200	410448042	80699384	234029214	22	3927365	5
facebook.com	ajax/pagelet/generic.php	PhotoViewerPagelet	200	410448141	80699384	234029214	28	3927365	5
facebook.com	/	angela.webb.54	200	410404006	85709726	235077342	15	5713857	5
facebook.com	/	Shyloc2missUnderstood69	200	410426111	85709726	235077342	10	5713857	5
facebook.com	/	dionne.taylor.965	200	410426305	85709726	235077342	11	5713857	5
facebook.com	alvin.tucker.16/posts	4000099932786	200	410458955	85709726	235077342	60	5713857	5
facebook.com	/	willie.walls.50	200	410404427	85709726	235077342	56	5713857	5
facebook.com	/	/	200	410404091	85709726	235077342	120	5713857	5
facebook.com	/	/	302	410455871	85709726	235077342	120	6056310	3
facebook.com	/	DontHateMiami	200	410404661	85709726	235077342	4	13092622	5
facebook.com	ajax/pagelet/generic.php	ProfileTimelineSectionPagelet	200	410404665	85709726	235077342	56	13704975	5
facebook.com	ajax/pagelet/generic.php	ProfileTimelineSectionPagelet	200	410457257	85709726	235077342	120	13704975	5
facebook.com	ajax/pagelet/generic.php	ProfileTimelineSectionPagelet	200	410426121	85709726	235077342	30	13704975	5
facebook.com	churchgyrl01/posts	410606902347332	200	410403750	85709726	235077342	120	5713857	5
facebook.com	/	BE.YOU.TIFULANDBLESSED	200	410426337	85709726	235077342	3	5713857	5
facebook.com	media/set	/	200	410456951	85709726	235077342	30	5713857	5
facebook.com	angela.webb.54	photos	200	410404028	85709726	235077342	28	5713857	5
facebook.com	/	/	200	410404510	85709726	235077342	55	5713857	5
facebook.com	/	Veebwonderful	200	410403726	85709726	235077342	8	5713857	5
facebook.com	/	alvin.tucker.16	200	410425630	85709726	235077342	7	5713857	5
facebook.com	alvin.tucker.16/posts	4000099932786	200	410459023	85709726	235077342	148	5713857	5
facebook.com	/	angela.webb.54	200	410403932	85709726	235077342	8	5713857	5
facebook.com	/	alvin.tucker.16	200	410457254	85709726	235077342	3	5713857	5
facebook.com	/	dionne.taylor.965	200	410426268	85709726	235077342	7	5713857	5
facebook.com	media/set	/	200	410403954	85709726	235077342	39	5713857	5
facebook.com	/	/	200	410425646	85709726	235077342	12	5713857	5
facebook.com	/	alvin.tucker.16	200	410459171	85709726	235077342	2	5713857	5
facebook.com	ajax/pagelet/generic.php	ProfileTimelineSectionPagelet	200	410404996	85709726	235077342	10	13704975	5
facebook.com	ajax/pagelet/generic.php	ProfileTimelineSectionPagelet	200	410426196	85709726	235077342	4	13704975	5
facebook.com	ajax/pagelet/generic.php	ProfileTimelineSectionPagelet	200	410404058	85709726	235077342	33	13704975	5
facebook.com	ajax/pagelet/generic.php	MoreStoriesPagelet	200	410425711	85709726	235077342	48	14932183	5
facebook.com	ajax/pagelet/generic.php	MoreStoriesPagelet	200	410425774	85709726	235077342	5	14932183	5
facebook.com	ajax/pagelet/generic.php	MoreStoriesPagelet	200	410425792	85709726	235077342	98	14932183	5
facebook.com	ajax/pagelet/generic.php	MoreStoriesPagelet	200	410425658	85709726	235077342	53	14932183	5
facebook.com	ajax/pagelet/generic.php	MoreStoriesPagelet	200	410404588	85709726	235077342	73	14932183	5
facebook.com	ajax/pagelet/generic.php	MoreStoriesPagelet	200	410426001	85709726	235077342	100	14932183	5
facebook.com	ajax/pagelet/generic.php	MoreStoriesPagelet	200	410404583	85709726	235077342	5	14932183	5
facebook.com	ajax/pagelet/generic.php	MoreStoriesPagelet	200	410425765	85709726	235077342	5	14932183	5
facebook.com	ajax/pagelet/generic.php	MoreStoriesPagelet	200	410425890	85709726	235077342	58	14932183	5
facebook.com	ajax/pagelet/generic.php	MoreStoriesPagelet	200	410404334	85709726	235077342	93	14932183	5
facebook.com	ajax/pagelet/generic.php	MoreStoriesPagelet	200	410425770	85709726	235077342	4	14932183	5
facebook.com	ajax/pagelet/generic.php	MoreStoriesPagelet	200	410425779	85709726	235077342	13	14932183	5
facebook.com	ajax/pagelet/generic.php	MoreStoriesPagelet	200	410425759	85709726	235077342	6	14932183	5
facebook.com	ajax/pagelet/generic.php	ProfileTimelineSectionPagelet	200	410426200	85709726	235077342	39	13704975	5
facebook.com	ajax/pagelet/generic.php	ProfileTimelineSectionPagelet	200	410404876	85709726	235077342	120	13704975	5
facebook.com	ajax/pagelet/generic.php	ProfileTimelineSectionPagelet	200	410459173	85709726	235077342	120	13704975	5
facebook.com	ajax/pagelet/generic.php	ProfileTimelineSectionPagelet	200	410425637	85709726	235077342	9	13704975	5
facebook.com	ajax/pagelet/generic.php	ProfileTimelineSectionPagelet	200	410404721	85709726	235077342	155	13704975	5
facebook.com	ajax/pagelet/generic.php	ProfileTimelineSectionPagelet	200	410405006	85709726	235077342	23	13704975	5
facebook.com	ajax/pagelet/generic.php	ProfileTimelineSectionPagelet	200	410404496	85709726	235077342	14	13704975	5
facebook.com	ajax/pagelet/generic.php	MoreStoriesPagelet	200	410426101	85709726	235077342	10	14932183	5
facebook.com	ajax/pagelet/generic.php	MoreStoriesPagelet	200	410425948	85709726	235077342	53	14932183	5
facebook.com	ajax/pagelet/generic.php	MoreStoriesPagelet	200	410404565	85709726	235077342	18	14932183	5
facebook.com	ajax/pagelet/generic.php	MoreStoriesPagelet	200	410404222	85709726	235077342	112	14932183	5
facebook.com	/	melissa.brown.1297943	200	410404483	85709726	235077342	13	5713857	5
facebook.com	/	angela.webb.54	200	410403892	85709726	235077342	4	5713857	5
facebook.com	ajax/pagelet/generic.php	PhotoViewerInitPagelet	200	410426186	85709726	235077342	5	3927365	5
facebook.com	/	photo.php	200	410403561	85709726	235077342	4	3927365	5
facebook.com	/	photo.php	200	410425589	85709726	235077342	7	3927365	5
facebook.com	ajax/pagelet/generic.php	PhotoViewerInitPagelet	200	410403870	85709726	235077342	22	3927365	5
facebook.com	ajax/pagelet/generic.php	PhotoViewerInitPagelet	200	410403896	85709726	235077342	36	3927365	5
facebook.com	ajax/pagelet/generic.php	PhotoViewerPagelet	200	410456925	85709726	235077342	12	3927365	5
facebook.com	ajax/pagelet/generic.php	PhotoViewerInitPagelet	200	410404021	85709726	235077342	7	3927365	5
facebook.com	ajax/pagelet/generic.php	PhotoViewerInitPagelet	200	410426151	85709726	235077342	33	3927365	5
facebook.com	ajax/pagelet/generic.php	PhotoViewerPagelet	200	410425596	85709726	235077342	34	3927365	5
facebook.com	ajax/pagelet/generic.php	PhotoViewerInitPagelet	200	410403688	85709726	235077342	38	3927365	5
facebook.com	ajax/pagelet/generic.php	PhotoViewerInitPagelet	200	410403569	85709726	235077342	116	3927365	5
facebook.com	/	BE.YOU.TIFULANDBLESSED	200	410426359	85709726	235077342	60	3531701	5
facebook.com	/	BE.YOU.TIFULANDBLESSED	200	410426354	85709726	235077342	5	3531701	5
facebook.com	/	alvin.tucker.16	200	410403514	85709726	235077342	43	3531701	5
facebook.com	/	alvin.tucker.16	200	410404056	85709726	235077342	2	3531701	5
facebook.com	ajax/pagelet/generic.php	PhotoViewerInitPagelet	200	410456981	85709726	235077342	51	3927365	5
facebook.com	ajax/pagelet/generic.php	PhotoViewerInitPagelet	200	410403734	85709726	235077342	4	3927365	5
facebook.com	ajax/pagelet/generic.php	PhotoViewerInitPagelet	200	410456937	85709726	235077342	14	3927365	5
facebook.com	ajax/pagelet/generic.php	TimelinePhotosAlbumPagelet	200	410457032	85709726	235077342	27	5713857	5
facebook.com	/	Shyloc2missUnderstood69	200	410426191	85709726	235077342	5	5713857	5
facebook.com	/	shena.billinspatterson	200	410403747	85709726	235077342	3	5713857	5
facebook.com	/	Kimmie.gunagetit.jackson	200	410403685	85709726	235077342	3	5713857	5
facebook.com	media/set	/	200	410426184	85709726	235077342	2	5713857	5
facebook.com	/	alvin.tucker.16	200	410403557	85709726	235077342	4	5713857	5
facebook.com	ajax/pagelet/generic.php	TimelinePhotosAlbumPagelet	200	410457119	85709726	235077342	22	5713857	5
facebook.com	alvin.tucker.16/posts	371790799582777	200	410459015	85709726	235077342	8	5713857	5
facebook.com	alvin.tucker.16/posts	4000099932786	200	410426316	85709726	235077342	21	5713857	5
facebook.com	/	photo.php	200	410425570	85709726	235077342	19	3927365	5
facebook.com	/	photo.php	200	410456906	85709726	235077342	16	3927365	5
facebook.com	ajax/pagelet/generic.php	PhotoViewerInitPagelet	200	410457141	85709726	235077342	69	3927365	5
facebook.com	ajax/pagelet/generic.php	PhotoViewerInitPagelet	200	410403738	85709726	235077342	9	3927365	5
facebook.com	ajax/pagelet/generic.php	PhotoViewerInitPagelet	200	410403940	85709726	235077342	14	3927365	5
facebook.com	ajax/pagelet/generic.php	PhotoViewerInitPagelet	200	410426239	85709726	235077342	29	3927365	5
facebook.com	ajax/pagelet/generic.php	PhotoViewerInitPagelet	200	410457210	85709726	235077342	44	3927365	5
facebook.com	ajax/pagelet/generic.php	PhotoViewerInitPagelet	200	410426275	85709726	235077342	30	3927365	5
facebook.com	/	photo.php	200	410456922	85709726	235077342	3	3927365	5
facebook.com	/	photo.php	200	410403484	85709726	235077342	30	3927365	5
facebook.com	ajax/pagelet/generic.php	PhotoViewerInitPagelet	200	410403993	85709726	235077342	13	3927365	5
facebook.com	ajax/pagelet/generic.php	PhotoViewerInitPagelet	200	410426340	85709726	235077342	14	3927365	5
facebook.com	ajax/pagelet/generic.php	PhotoViewerInitPagelet	200	410457059	85709726	235077342	60	3927365	5
facebook.com	ajax/pagelet/generic.php	PhotoViewerInitPagelet	200	410403565	85709726	235077342	4	3927365	5
youtube.com	/	watch	200	410468043	85689090	235144806	15	3718815	3
youtube.com	/	watch	200	410467833	85689090	235144806	6	3718815	3
youtube.com	/	watch	200	410468058	85689090	235144806	10	3718815	3
youtube.com	/	watch	200	410467839	85689090	235144806	204	3718815	3
youtube.com	/	watch	200	410467826	85689090	235144806	7	3718815	3
deviantart.com	messages	/	200	410484442	85689090	235144806	12	8923930	3
deviantart.com	messages	/	200	410484179	85689090	235144806	11	8923930	3
youtube.com	/	watch	200	410468068	85689090	235144806	60	3718815	3
deviantart.com	/	/	200	410484190	85689090	235144806	33	906908	3
deviantart.com	/	/	200	410484454	85689090	235144806	60	906908	3
deviantart.com	/	/	200	410483995	85689090	235144806	162	906908	3
deviantart.com	/	/	200	410484420	85689090	235144806	7	906908	3
deviantart.com	store/thanks	/	200	410484411	85689090	235144806	9	906908	3
deviantart.com	/	/	200	410484223	85689090	235144806	188	906908	3
deviantart.com	/	/	200	410484427	85689090	235144806	15	906908	3
deviantart.com	notes	/	200	410484157	85689090	235144806	22	906908	3
qvc.com	webapp/wcs/stores/servlet	OrderStatusView	200	410480068	86071950	235183734	6	671504	5
qvc.com	webapp/wcs/stores/servlet	OrderStatusView	200	410478166	86071950	235183734	6	671504	5
qvc.com	/	Canon-Electronics.category.0103.html	200	410479499	86071950	235183734	28	671504	3
qvc.com	/	Nutrisystem-16-piece-Crunchy-Collection-Weight-Management-Support-Wellness-&-Sports.product.A179135.html	200	410479115	86071950	235183734	5	671504	3
qvc.com	/	Fashion.category.0100.html	200	410477660	86071950	235183734	22	671504	3
qvc.com	webapp/wcs/stores/servlet	ProductDetailsZoomView	200	410479622	86071950	235183734	17	671504	3
qvc.com	/	CustomerService.content.html	200	410477700	86071950	235183734	4	671504	3
qvc.com	/	Bakeware.category.H203.html	200	410477850	86071950	235183734	55	671504	3
qvc.com	/	CreditCardDisplay	200	410477544	86071950	235183734	6	671504	5
qvc.com	/	Clearance.content.html	200	410478285	86071950	235183734	35	671504	3
qvc.com	/	Charms.category.6685.html	200	410479364	86071950	235183734	23	671504	3
qvc.com	/	Clearance.content.html	200	410478341	86071950	235183734	11	671504	3
qvc.com	/	Serta-Perfect-Sleeper-QN-Size-Elite-Pillowtop-Mattresses-For-the-Home.product.H195909.html	200	410479695	86071950	235183734	86	671504	3
qvc.com	/	Nutrisystem-Advanced-One-Week-of-Italian-Dinners-Weight-Management-Support-Wellness-&-Sports.product.A164773.html	200	410478976	86071950	235183734	15	671504	3
qvc.com	/	Weight-Management.category.8518.html	200	410478991	86071950	235183734	9	671504	3
qvc.com	webapp/wcs/stores/servlet	ProductDetailsZoomView	200	410479781	86071950	235183734	151	671504	3
qvc.com	webapp/wcs/stores/servlet	OrderStatusView	200	410478172	86071950	235183734	8	671504	5
qvc.com	/	CatalogSearch	200	410479472	86071950	235183734	27	671504	3
qvc.com	/	Mattresses.category.F536.html	200	410479932	86071950	235183734	7	671504	3
qvc.com	webapp/wcs/stores/servlet	OrderView	200	410477648	86071950	235183734	8	671504	5
qvc.com	/	Logoff	200	410479996	86071950	235183734	5	671504	5
qvc.com	/	Weight-Management.category.8518.html	200	410478917	86071950	235183734	59	671504	3
qvc.com	/	Bakeware.category.H203.html	200	410477905	86071950	235183734	253	671504	3
qvc.com	/	Clogs-&-Mules.category.O598.html	200	410478549	86071950	235183734	237	671504	3
qvc.com	webapp/wcs/stores/servlet	MyAccountView	200	410480009	86071950	235183734	5	671504	5
qvc.com	webapp/wcs/stores/servlet	OrderStatusView	200	410478197	86071950	235183734	13	671504	5
qvc.com	webapp/wcs/stores/servlet	CreditCardDisplay	200	410477556	86071950	235183734	4	671504	5
qvc.com	/	Clogs-&-Mules.category.O598.html	200	410478512	86071950	235183734	37	671504	3
qvc.com	webapp/wcs/stores/servlet	ProductDisplay	200	410480039	86071950	235183734	18	671504	3
qvc.com	/	Weight-Management-Support.category.8518.html	200	410479073	86071950	235183734	42	671504	3
qvc.com	/	Clogs-&-Mules.category.O598.html	200	410478796	86071950	235183734	46	671504	3
qvc.com	/	Charms.category.6685.html	200	410479343	86071950	235183734	21	671504	3
qvc.com	/	Hair-Care.category.6405.html	200	410478483	86071950	235183734	29	671504	3
qvc.com	webapp/wcs/stores/servlet	OrderView	200	410480094	86071950	235183734	11	671504	5
qvc.com	/	Clearance.content.html	200	410478334	86071950	235183734	7	671504	3
qvc.com	/	MyAccountView	200	410477710	86071950	235183734	13	671504	3
qvc.com	/	LogonForm	200	410480001	86071950	235183734	8	671504	5
qvc.com	webapp/wcs/stores/servlet	OrderView	200	410478180	86071950	235183734	17	671504	5
qvc.com	/	Fashion.category.0100.html	200	410478871	86071950	235183734	46	671504	3
qvc.com	/	Clogs-&-Mules.category.O598.html	200	410478842	86071950	235183734	29	671504	3
qvc.com	webapp/wcs/stores/servlet	EasyPayEditInitiate	200	410477758	86071950	235183734	92	671504	5
qvc.com	/	Mattresses.category.F536.html	200	410479639	86071950	235183734	56	671504	3
qvc.com	/	DavidPicks.content.html	200	410478361	86071950	235183734	25	671504	3
qvc.com	webapp/wcs/stores/servlet	ProductDetailsZoomView	200	410479318	86071950	235183734	25	671504	3
qvc.com	/	Bobbi-Brown-Beauty.category.6285.html	200	410478229	86071950	235183734	31	671504	3
qvc.com	/	CreditCardDisplay	200	410480014	86071950	235183734	6	671504	5
qvc.com	webapp/wcs/stores/servlet	TrackYourShipment	200	410477656	86071950	235183734	4	671504	5
qvc.com	webapp/wcs/stores/servlet	CreditCardAddForm	200	410477560	86071950	235183734	39	671504	5
qvc.com	/	Hair-Care.category.6405.html	200	410478435	86071950	235183734	48	671504	3
qvc.com	/	Fashion.category.0100.html	200	410477704	86071950	235183734	6	671504	3
qvc.com	/	Easter-Holiday-&-Party-For-the-Home.category.2546.html	200	410479450	86071950	235183734	22	671504	3
qvc.com	/	Clarks-Bendables-Mirabelle-Holly-Mules-w-Buckle-Detail-Clogs-&-Mules-Shoes-Shoes-&-Handbags.product.A202238.html	200	410478786	86071950	235183734	10	671504	3
qvc.com	/	Nutritional-Supplements.category.8516.html	200	410478386	86071950	235183734	49	671504	3
qvc.com	webapp/wcs/stores/servlet	CreditCardDisplay	200	410477617	86071950	235183734	7	671504	5
qvc.com	webapp/wcs/stores/servlet	OrderStatusView	200	410479988	86071950	235183734	8	671504	5
qvc.com	webapp/wcs/stores/servlet	OrderStatusView	200	410480020	86071950	235183734	10	671504	5
qvc.com	/	Kitchen-Food.category.0102.html	200	410478352	86071950	235183734	9	671504	3
qvc.com	/	Mattresses.category.F536.html	200	410479542	86071950	235183734	73	671504	3
qvc.com	webapp/wcs/stores/servlet	OrderView	200	410478210	86071950	235183734	19	671504	5
qvc.com	webapp/wcs/stores/servlet	OrderStatusView	200	410480074	86071950	235183734	20	671504	5
qvc.com	/	LogonForm	200	410477529	86071950	235183734	11	671504	5
qvc.com	/	Weight-Management-Support.category.8518.html	200	410479023	86071950	235183734	16	671504	3
qvc.com	/	MyAccountView	200	410480061	86071950	235183734	7	671504	3
qvc.com	webapp/wcs/stores/servlet	ProductDetailsZoomView	200	410479124	86071950	235183734	22	671504	3
qvc.com	webapp/wcs/stores/servlet	OrderStatusView	200	410477634	86071950	235183734	14	671504	5
qvc.com	/	Holiday-&-Party.category.6925.html	200	410479387	86071950	235183734	63	671504	3
qvc.com	/	Mattresses.category.F536.html	200	410479939	86071950	235183734	49	671504	3
qvc.com	/	Clearance.content.html	200	410478320	86071950	235183734	14	671504	3
qvc.com	webapp/wcs/stores/servlet	CreditCardConfirmation	200	410477599	86071950	235183734	18	671504	5
qvc.com	webapp/wcs/stores/servlet	OrderView	200	410480030	86071950	235183734	9	671504	5
qvc.com	webapp/wcs/stores/servlet	ProductDetailsZoomView	200	410479047	86071950	235183734	26	671504	3
qvc.com	/	Charms.category.6685.html	200	410479146	86071950	235183734	168	671504	3
qvc.com	/	Logoff	200	410480105	86071950	235183734	60	671504	5
qvc.com	webapp/wcs/stores/servlet	MyAccountView	200	410477540	86071950	235183734	4	671504	5
qvc.com	/	MyAccountView	200	410477624	86071950	235183734	10	671504	3
qvc.com	webapp/wcs/stores/servlet	OrderStatusView	200	410477723	86071950	235183734	35	671504	5
qvc.com	/	CreditCardDeleteForm	200	410477550	86071950	235183734	6	671504	5
qvc.com	/	Angela-by-John-Hardy-Sterling-0.30ct-Peridot-Siam-Charm-Bracelet-Charms-Jewelry.product.J271624.html	200	410479314	86071950	235183734	4	671504	3
qvc.com	/	MyAccountView	200	410478158	86071950	235183734	8	671504	3
qvc.com	/	Fashion.category.0100.html	200	410480057	86071950	235183734	4	671504	3
qvc.com	/	Serta-Perfect-Sleeper-FL-Size-Elite-Pillowtop-Mattresses-For-the-Home.product.H195908.html	200	410479615	86071950	235183734	7	671504	3
qvc.com	/	Nutrisystem-Success-in-Six-6-Week-Meal-Plan-wWeekends-Off-Weight-Management-Support-Wellness-&-Sports.product.A230762.html	200	410479039	86071950	235183734	8	671504	3
qvc.com	/	/	200	410477523	86071950	235183734	6	671504	3
qvc.com	/	Bedding.category.1641.html	200	410479527	86071950	235183734	15	671504	3
facebook.com	ajax/pagelet/generic.php	ProfileTimelineSectionPagelet	200	410460286	88173295	237036366	420	13704975	3
facebook.com	ajax/pagelet/generic.php	ProfileTimelineSectionPagelet	200	410460706	88173295	237036366	60	13704975	3
