youtube.com	/	/	200	410459421	63304125	160816923	57	6174440	3
youtube.com	/	watch	200	410459657	63304125	160816923	600	3718815	3
youtube.com	/	watch	200	410460654	63304125	160816923	120	3718815	3
youtube.com	/	watch	200	410460400	63304125	160816923	254	3718815	3
youtube.com	/	watch	200	410459478	63304125	160816923	59	3718815	3
youtube.com	/	watch	200	410459537	63304125	160816923	120	3718815	3
target.com	s	bratz games	200	410473503	102188346	161270763	8	4756194	3
target.com	s	bratz games	200	410473494	102188346	161270763	9	4756194	3
youtube.com	/	watch	200	410478199	112862389	162170043	120	3718815	3
youtube.com	/	watch	200	410477889	112862389	162170043	310	3718815	3
youtube.com	/	watch	200	410452083	121867139	162380475	59	3718815	3
amazon.com	gp/bit/toolbar	3.0	200	410403941	121867139	162380475	120	671065	3
amazon.com	gp/bit/apps/alexa/PING	ping?tagbase=bds-amzn&tbId=KWURf1ap6I00qL&thirdpartyid=&plugin=amzng-2.2.2012.275	200	410403939	121867139	162380475	2	671065	3
facebook.com	/	login.php	200	410429350	116709487	162389811	7	12438930	5
facebook.com	/	login.php	302	410429663	116709487	162389811	4	12438930	3
facebook.com	/	login.php	302	410429338	116709487	162389811	0	12438930	3
facebook.com	/	login.php	200	410429420	116709487	162389811	27	12438930	5
facebook.com	/	login.php	302	410429698	116709487	162389811	4	12438930	3
facebook.com	/	login.php	302	410429674	116709487	162389811	4	12438930	3
facebook.com	/	login.php	302	410428439	116709487	162389811	7	12438930	3
facebook.com	/	login.php	302	410428560	116709487	162389811	120	12438930	3
facebook.com	/	login.php	200	410429557	116709487	162389811	48	12438930	5
facebook.com	/	login.php	302	410429644	116709487	162389811	4	12438930	3
facebook.com	/	login.php	200	410429711	116709487	162389811	6	12438930	5
facebook.com	/	login.php	302	410428531	116709487	162389811	29	12438930	3
facebook.com	/	login.php	200	410429611	116709487	162389811	9	12438930	5
facebook.com	/	login.php	302	410428469	116709487	162389811	7	12438930	3
facebook.com	/	login.php	200	410429648	116709487	162389811	5	12438930	5
facebook.com	/	login.php	302	410429707	116709487	162389811	4	12438930	3
facebook.com	desktop_notifications	rsrc.php	302	410429324	116709487	162389811	14	3531701	5
youtube.com	/	results	200	410428880	116709487	162389811	120	3718815	3
youtube.com	/	/	200	410428849	116709487	162389811	30	6174440	3
facebook.com	/	login.php	302	410429346	116709487	162389811	1	12438930	3
facebook.com	/	login.php	302	410429627	116709487	162389811	4	12438930	3
facebook.com	/	login.php	302	410429415	116709487	162389811	5	12438930	3
facebook.com	/	login.php	302	410428847	116709487	162389811	2	12438930	3
facebook.com	/	login.php	200	410429343	116709487	162389811	3	12438930	5
facebook.com	/	login.php	302	410429447	116709487	162389811	3	12438930	3
facebook.com	/	login.php	200	410429547	116709487	162389811	7	12438930	5
facebook.com	/	login.php	302	410428879	116709487	162389811	1	12438930	3
facebook.com	/	login.php	302	410428498	116709487	162389811	33	12438930	3
facebook.com	/	login.php	200	410429678	116709487	162389811	20	12438930	5
facebook.com	/	login.php	302	410429605	116709487	162389811	6	12438930	3
facebook.com	/	login.php	200	410429631	116709487	162389811	13	12438930	5
facebook.com	/	login.php	200	410429470	116709487	162389811	1	12438930	5
facebook.com	/	login.php	200	410429667	116709487	162389811	7	12438930	5
facebook.com	/	login.php	200	410429702	116709487	162389811	5	12438930	5
facebook.com	/	login.php	302	410428438	116709487	162389811	1	12438930	3
facebook.com	/	login.php	302	410429554	116709487	162389811	3	12438930	3
facebook.com	/	login.php	200	410429450	116709487	162389811	13	12438930	5
facebook.com	/	/	302	410481761	123092214	162425595	3	3531701	3
facebook.com	/	login.php	200	410481827	123092214	162425595	17	12438930	5
facebook.com	/	login.php	302	410481792	123092214	162425595	35	12438930	3
facebook.com	/	home.php	302	410481792	123092214	162425595	0	8045108	3
facebook.com	/	home.php	200	410481844	123092214	162425595	120	8045108	5
facebook.com	/	/	200	410481764	123092214	162425595	12	6056310	5
facebook.com	/	/	302	410481776	123092214	162425595	7	3531701	3
facebook.com	/	/	302	410481753	123092214	162425595	8	3531701	3
facebook.com	/	/	302	410481776	123092214	162425595	0	3531701	3
facebook.com	/	/	200	410485422	123493914	162442035	3	6056310	5
facebook.com	dragoncity	/	200	410408247	119777990	162591339	8	4761456	3
youtube.com	/	watch	200	410432762	127274824	162620115	108	3718815	3
youtube.com	/	watch	200	410432870	127274824	162620115	60	3718815	3
youtube.com	/	watch	200	410418209	130344538	162773139	60	6928214	3
youtube.com	/	results	200	410425478	130344538	162773139	5	3718815	3
youtube.com	/	watch	200	410425898	130344538	162773139	120	3718815	3
youtube.com	/	results	200	410418204	130344538	162773139	5	3718815	3
youtube.com	/	watch	200	410425483	130344538	162773139	28	3718815	3
youtube.com	/	watch	200	410418137	130344538	162773139	67	3718815	3
youtube.com	/	results	200	410425461	130344538	162773139	17	3718815	3
youtube.com	/	watch	200	410425511	130344538	162773139	120	3718815	3
facebook.com	/	/	200	410416899	131159258	162786123	120	6056310	5
youtube.com	/	watch	200	410406868	129858261	162822723	32	3718815	3
walmart.com	ip	21862637	200	410475227	132294720	162837411	141	689423	3
walmart.com	ip/Power-Rangers-Super-Samurai-Secret-Of-The-Black-Box-Volume-One-Widescreen	20969717	200	410475368	132294720	162837411	70	689423	3
target.com	s	nickjr 2	200	410475068	132294720	162837411	6	689378	3
amazon.com	gp/bit/apps/web/SERP	search	200	410467057	132294720	162837411	2	671065	3
amazon.com	websearch	undefined	200	410475124	132294720	162837411	5	671065	3
amazon.com	/	websearch	200	410475120	132294720	162837411	4	671065	3
amazon.com	/	websearch	200	410475015	132294720	162837411	3	671065	3
amazon.com	websearch	undefined	200	410475057	132294720	162837411	11	671065	3
amazon.com	websearch	undefined	200	410474750	132294720	162837411	13	671065	3
amazon.com	gp/bit/apps/web/SERP/search	undefined	200	410467067	132294720	162837411	23	671065	3
amazon.com	gp/bit/apps/alexa/PING	ping?tagbase=bds-p14&tbId=FfuSg14Zbf00GA&thirdpartyid=&plugin=amzng-2.2.2012.275	200	410474748	132294720	162837411	0	671065	3
amazon.com	/	websearch	200	410466961	132294720	162837411	2	671065	3
amazon.com	websearch	undefined	200	410466963	132294720	162837411	94	671065	3
amazon.com	gp/bit/toolbar	3.0	200	410474748	132294720	162837411	2	671065	3
amazon.com	gp/bit/toolbar	3.0	200	410470262	132294720	162837411	120	671065	3
amazon.com	websearch	undefined	200	410475018	132294720	162837411	36	671065	3
target.com	s	undefined	200	410475074	132294720	162837411	46	689378	3
amazon.com	gp/bit/apps/web/SERP/search	undefined	200	410474801	132294720	162837411	32	671065	3
amazon.com	/	websearch	200	410475054	132294720	162837411	3	671065	3
amazon.com	gp/bit/apps/web/SERP	search	200	410474797	132294720	162837411	4	671065	3
amazon.com	/	websearch	200	410474744	132294720	162837411	4	671065	3
amazon.com	gp/bit/apps/web/SERP/search	undefined	200	410467059	132294720	162837411	8	671065	3
amazon.com	gp/bit/apps/alexa/PING	ping?tagbase=bds-p14&tbId=FfuSg14Zbf00GA&thirdpartyid=&plugin=amzng-2.2.2012.275	200	410470262	132294720	162837411	0	671065	3
amazon.com	/	subscribe?cid=bd_diragent_DAmediabuy_6450-29313840&ref_=bd_diragent_DAmediabuy_6450-29313840	200	410466886	132294720	162837411	5	13678011	3
youtube.com	/	watch	200	410420590	127811640	162852987	116	7549991	3
youtube.com	/	/	200	410420925	127811640	162852987	63	6174440	3
youtube.com	/	results	200	410420836	127811640	162852987	27	3718815	3
youtube.com	/	results	200	410420706	127811640	162852987	83	3718815	3
youtube.com	/	results	200	410420789	127811640	162852987	47	3718815	3
youtube.com	/	results	200	410471936	99893952	162864195	12	3718815	3
youtube.com	/	/	200	410471898	99893952	162864195	38	6174440	3
youtube.com	/	watch	200	410471959	99893952	162864195	120	7549991	3
youtube.com	/	results	200	410472656	99893952	162864195	32	3718815	3
youtube.com	/	results	200	410471948	99893952	162864195	11	3718815	3
youtube.com	/	watch	200	410472183	99893952	162864195	473	3718815	3
facebook.com	farmville-two	/	200	410415399	133325041	162893067	6	15868848	5
facebook.com	dragoncity	/	200	410415405	133325041	162893067	4	4761456	5
youtube.com	/	watch	200	410477398	81046434	223146891	71	3718815	3
youtube.com	/	watch	200	410476942	81046434	223146891	225	3718815	3
youtube.com	/	watch	200	410477478	81046434	223146891	81	3718815	3
youtube.com	/	watch	200	410476847	81046434	223146891	49	3718815	3
youtube.com	/	watch	200	410477378	81046434	223146891	16	3718815	3
youtube.com	/	watch	200	410477394	81046434	223146891	4	3718815	3
youtube.com	/	watch	200	410477291	81046434	223146891	4	3718815	3
youtube.com	/	watch	200	410460187	81046434	223146891	174	3718815	3
youtube.com	/	/	200	410477865	81046434	223146891	60	6174440	3
youtube.com	/	watch	200	410477559	81046434	223146891	30	3718815	3
youtube.com	/	watch	200	410477214	81046434	223146891	77	3718815	3
youtube.com	/	results	200	410477167	81046434	223146891	4	3718815	3
youtube.com	/	watch	200	410476901	81046434	223146891	41	3718815	3
youtube.com	/	watch	200	410476896	81046434	223146891	5	3718815	3
youtube.com	/	watch	200	410459786	81046434	223146891	401	3718815	3
youtube.com	/	watch	200	410460361	81046434	223146891	354	3718815	3
youtube.com	/	watch	200	410477295	81046434	223146891	83	3718815	3
youtube.com	/	watch	200	410477171	81046434	223146891	43	3718815	3
youtube.com	/	watch	200	410477469	81046434	223146891	9	3718815	3
youtube.com	/	watch	200	410457823	81046434	223146891	13	3718815	3
youtube.com	/	watch	200	410476741	81046434	223146891	106	3718815	3
youtube.com	/	watch	200	410477731	81046434	223146891	20	3718815	3
youtube.com	/	watch	200	410477751	81046434	223146891	114	3718815	3
facebook.com	ajax/pagelet/generic.php	TimelinePhotosStreamPagelet	200	410465683	62178091	224017683	78	5713857	3
facebook.com	steven.lam8	photos_stream	200	410465677	62178091	224017683	6	5713857	3
facebook.com	ajax/pagelet/generic.php	TimelinePhotosStreamPagelet	200	410465761	62178091	224017683	64	5713857	3
facebook.com	ajax/pagelet/generic.php	PhotoViewerPagelet	200	410415558	62178091	224017683	18	3927365	3
facebook.com	ajax/pagelet/generic.php	PhotoViewerPagelet	200	410415576	62178091	224017683	60	3927365	3
facebook.com	ajax/pagelet/generic.php	PhotoViewerInitPagelet	200	410415542	62178091	224017683	16	3927365	3
facebook.com	ajax/pagelet/generic.php	MoreStoriesPagelet	200	410415511	62178091	224017683	21	14932183	3
facebook.com	ajax/pagelet/generic.php	MoreStoriesPagelet	200	410415532	62178091	224017683	10	14932183	3
facebook.com	ajax/pagelet/generic.php	ProfileTimelineSectionPagelet	200	410465615	62178091	224017683	14	13704975	3
facebook.com	/	steven.lam8	200	410465629	62178091	224017683	1	8222324	3
facebook.com	steven.lam8	photos	200	410465825	62178091	224017683	60	8222324	3
facebook.com	steven.lam8	photos	200	410465647	62178091	224017683	30	8222324	3
facebook.com	/	home.php	200	410415510	62178091	224017683	1	8045108	3
youtube.com	/	watch	200	410422919	62178091	224017683	60	3718815	3
youtube.com	/	watch	200	410422674	62178091	224017683	245	3718815	3
youtube.com	/	watch	200	410422432	62178091	224017683	242	3718815	3
youtube.com	/	watch	200	410421613	62178091	224017683	445	3718815	3
youtube.com	/	watch	200	410422058	62178091	224017683	374	3718815	3
facebook.com	/	sarah.s.lam	200	410465606	62178091	224017683	9	3531701	3
facebook.com	/	steven.lam8	200	410465630	62178091	224017683	17	3531701	3
facebook.com	/	Elma.Alem.Gosto	200	410457287	82270033	224128611	60	5713857	5
facebook.com	ajax/pagelet/generic.php	MoreStoriesPagelet	200	410439851	81466247	230134275	67	14932183	3
facebook.com	ajax/pagelet/generic.php	MoreStoriesPagelet	200	410439591	81466247	230134275	159	14932183	3
facebook.com	ajax/pagelet/generic.php	MoreStoriesPagelet	200	410439750	81466247	230134275	48	14932183	3
facebook.com	ajax/pagelet/generic.php	MoreStoriesPagelet	200	410439798	81466247	230134275	53	14932183	3
facebook.com	ajax/pagelet/generic.php	MoreStoriesPagelet	200	410439461	81466247	230134275	130	14932183	3
facebook.com	/	/	200	410440542	81466247	230134275	120	8045418	3
facebook.com	/	/	200	410439245	81466247	230134275	120	8045418	3
facebook.com	/	profile.php	200	410440531	81466247	230134275	11	3531701	3
facebook.com	/	profile.php	200	410439239	81466247	230134275	6	3531701	3
facebook.com	/	index.php	200	410421399	81466247	230134275	60	3531701	5
facebook.com	doubledowncasino	/	200	410439918	81466247	230134275	5	4761456	3
facebook.com	doubledowncasino	/	200	410440276	81466247	230134275	5	4761456	3
facebook.com	doubledowncasino	/	200	410440297	81466247	230134275	5	4761456	3
facebook.com	ajax/pagelet/generic.php	PhotoViewerInitPagelet	200	410421838	84783762	232007979	57	3927365	3
facebook.com	recover	code	200	410472998	84783762	232007979	23	3531701	5
facebook.com	search	results.php	302	410470534	84783762	232007979	1	3531701	3
classmates.com	p/Adrienne-Burke-Floth/587515868	/	200	410421549	84783762	232007979	22	671043	3
classmates.com	p/Adrienne-Burke-Floth/587515868	/	200	410476803	84783762	232007979	60	671043	3
classmates.com	/	home.php	200	410420515	84783762	232007979	120	671043	3
classmates.com	/	profile.php	200	410407032	84783762	232007979	60	671043	3
classmates.com	/	track.php	302	410420325	84783762	232007979	2	671043	3
classmates.com	/	profile.php	200	410406595	84783762	232007979	18	671043	3
classmates.com	p/Adrienne-Burke-Floth/587515868	/	200	410470974	84783762	232007979	120	671043	3
classmates.com	p/Mark-Coble/81536305	/	200	410420403	84783762	232007979	12	671043	3
classmates.com	/	track.php	302	410406489	84783762	232007979	0	671043	3
classmates.com	/	home.php	200	410407017	84783762	232007979	15	671043	3
classmates.com	/	track.php	302	410421033	84783762	232007979	1	671043	3
classmates.com	/	track.php	302	410422103	84783762	232007979	0	671043	3
classmates.com	p/Mark-Coble/81536305	/	200	410473668	84783762	232007979	120	671043	3
classmates.com	p/Vern-De-Bilzan/1362757227	/	200	410420415	84783762	232007979	72	671043	3
classmates.com	/	home.php	200	410421034	84783762	232007979	12	671043	3
classmates.com	/	track.php	302	410407011	84783762	232007979	6	671043	3
classmates.com	/	profile.php	200	410420327	84783762	232007979	76	671043	3
classmates.com	/	profile.php	200	410406489	84783762	232007979	106	671043	3
classmates.com	p/Adrienne-Burke-Floth/587515868	/	200	410472301	84783762	232007979	120	671043	3
classmates.com	p/Adrienne-Burke-Floth/587515868	/	200	410421046	84783762	232007979	84	671043	3
classmates.com	/	profile.php	200	410422105	84783762	232007979	120	671043	3
classmates.com	/	track.php	302	410420513	84783762	232007979	2	671043	3
facebook.com	recover	code	200	410473061	84783762	232007979	10	3531701	5
facebook.com	/	find-friends	200	410473071	84783762	232007979	120	3531701	3
facebook.com	recover	code	200	410473035	84783762	232007979	26	3531701	5
facebook.com	recover	code	200	410422083	84783762	232007979	14	3531701	5
facebook.com	recover	code	200	410472987	84783762	232007979	11	3531701	5
facebook.com	recover	initiate	200	410472957	84783762	232007979	5	3531701	3
facebook.com	search	results.php	302	410470696	84783762	232007979	0	3531701	3
facebook.com	recover	code	200	410472962	84783762	232007979	25	3531701	5
facebook.com	recover	initiate	200	410422078	84783762	232007979	5	3531701	3
facebook.com	search	results.php	200	410421656	84783762	232007979	155	3531701	3
facebook.com	recover	code	200	410473021	84783762	232007979	9	3531701	5
facebook.com	recover	code	200	410473642	84783762	232007979	26	3531701	5
facebook.com	recover	initiate	302	410468020	84783762	232007979	1	3531701	3
facebook.com	search	results.php	302	410422009	84783762	232007979	0	3531701	3
facebook.com	search	results.php	200	410421811	84783762	232007979	15	3531701	3
symantec.com	932743328	default.aspx	302	410456224	84783762	232007979	14	678064	3
facebook.com	recover	initiate	200	410473030	84783762	232007979	5	3531701	5
facebook.com	/	index.php	200	410421602	84783762	232007979	54	3531701	3
facebook.com	search	results.php	302	410472886	84783762	232007979	0	3531701	3
facebook.com	recover	initiate	200	410473638	84783762	232007979	4	3531701	3
facebook.com	/	rick.shannon	200	410421826	84783762	232007979	12	3531701	3
facebook.com	/	login.php	200	410470697	84783762	232007979	120	12438930	5
facebook.com	/	login.php	200	410470539	84783762	232007979	120	12438930	5
facebook.com	login	identify	302	410468020	84783762	232007979	0	12438930	3
facebook.com	/	login.php	200	410472887	84783762	232007979	62	12438930	5
facebook.com	login	help.php	200	410422067	84783762	232007979	4	12438930	5
facebook.com	login	help.php	200	410472953	84783762	232007979	4	12438930	5
facebook.com	login	help.php	200	410422071	84783762	232007979	7	12438930	5
facebook.com	login	help.php	200	410473634	84783762	232007979	4	12438930	5
facebook.com	/	login.php	200	410422010	84783762	232007979	57	12438930	5
facebook.com	/	login.php	302	410472886	84783762	232007979	1	12438930	3
facebook.com	login	help.php	200	410472949	84783762	232007979	4	12438930	5
facebook.com	/	login.php	302	410422009	84783762	232007979	1	12438930	3
facebook.com	/	login.php	302	410470535	84783762	232007979	4	12438930	3
facebook.com	login	identify	200	410468021	84783762	232007979	60	12438930	5
facebook.com	/	login.php	302	410470696	84783762	232007979	1	12438930	3
facebook.com	/	login.php	200	410473587	84783762	232007979	47	12438930	5
facebook.com	login	identify	200	410472066	84783762	232007979	45	12438930	5
classmates.com	p/Mark-Coble/81536305	/	200	410406613	84783762	232007979	55	671043	3
facebook.com	/	/	200	410464149	84724499	232059243	18	8047797	5
facebook.com	/	/	200	410404400	84724499	232059243	3	8047797	5
facebook.com	/	/	200	410463905	84724499	232059243	8	8047797	5
youtube.com	/	watch	200	410477955	84724499	232059243	16	7550008	3
youtube.com	/	watch	200	410475891	84724499	232059243	120	7550008	3
youtube.com	/	watch	200	410477868	84724499	232059243	87	7550008	3
youtube.com	/	watch	200	410475775	84724499	232059243	112	7550008	3
youtube.com	/	watch	200	410477777	84724499	232059243	49	7550008	3
youtube.com	/	watch	200	410475123	84724499	232059243	120	7550008	3
facebook.com	/	/	302	410402425	84724499	232059243	11	6056310	3
facebook.com	/	/	200	410462075	84724499	232059243	34	6056310	5
facebook.com	appcenter	/	200	410462121	84724499	232059243	6	5713857	5
facebook.com	appcenter	requests	200	410462127	84724499	232059243	13	5713857	5
facebook.com	/	/	200	410404456	84724499	232059243	15	5713857	5
facebook.com	messages	/	200	410466205	84724499	232059243	37	5713857	5
facebook.com	apps	feed	200	410404471	84724499	232059243	64	5713857	5
facebook.com	/	/	200	410404802	84724499	232059243	7	5713857	5
facebook.com	/	/	200	410466242	84724499	232059243	6	5713857	5
facebook.com	messages	/	200	410404787	84724499	232059243	14	5713857	5
facebook.com	/	/	200	410464219	84724499	232059243	16	5713857	5
facebook.com	/	/	302	410417040	84724499	232059243	5	6056310	3
facebook.com	/	/	200	410417045	84724499	232059243	16	6056310	5
youtube.com	/	/	200	410475075	84724499	232059243	48	6174440	3
youtube.com	/	/	200	410419503	84724499	232059243	25	6174440	3
facebook.com	/	/	200	410464167	84724499	232059243	12	6056310	5
facebook.com	/	/	200	410402436	84724499	232059243	107	6056310	5
facebook.com	/	/	302	410462069	84724499	232059243	6	6056310	3
facebook.com	dialog	apprequests	200	410462861	84724499	232059243	4	3531701	5
facebook.com	dialog	apprequests	200	410462869	84724499	232059243	4	3531701	5
facebook.com	appcenter	requests	200	410404407	84724499	232059243	11	3531701	5
facebook.com	dialog	apprequests	200	410462822	84724499	232059243	4	3531701	5
facebook.com	dialog	apprequests	200	410403861	84724499	232059243	14	3531701	5
facebook.com	dialog	apprequests	200	410403916	84724499	232059243	4	3531701	5
facebook.com	dialog	apprequests	200	410462873	84724499	232059243	4	3531701	5
facebook.com	dialog	apprequests	200	410403875	84724499	232059243	4	3531701	5
facebook.com	dialog	apprequests	200	410462897	84724499	232059243	4	3531701	5
facebook.com	dialog	apprequests	200	410404213	84724499	232059243	12	3531701	5
facebook.com	dialog	apprequests	200	410462801	84724499	232059243	4	3531701	5
facebook.com	dialog	apprequests	200	410403962	84724499	232059243	6	3531701	5
youtube.com	/	results	200	410419528	84724499	232059243	11	3718815	3
facebook.com	dialog	apprequests	200	410403976	84724499	232059243	7	3531701	5
facebook.com	dialog	apprequests	200	410462853	84724499	232059243	4	3531701	5
facebook.com	dialog	apprequests	200	410462848	84724499	232059243	5	3531701	5
facebook.com	dialog	apprequests	200	410403924	84724499	232059243	14	3531701	5
facebook.com	dialog	apprequests	200	410462922	84724499	232059243	4	3531701	5
facebook.com	dialog	apprequests	200	410403846	84724499	232059243	15	3531701	5
facebook.com	dialog	apprequests	200	410462901	84724499	232059243	4	3531701	5
facebook.com	appcenter	/	200	410402551	84724499	232059243	76	3531701	5
facebook.com	appcenter	/	200	410404403	84724499	232059243	4	3531701	5
facebook.com	dialog	apprequests	200	410404369	84724499	232059243	10	3531701	5
facebook.com	dialog	apprequests	200	410462814	84724499	232059243	4	3531701	5
facebook.com	dialog	apprequests	200	410404003	84724499	232059243	2	3531701	5
facebook.com	dialog	apprequests	200	410403989	84724499	232059243	9	3531701	5
facebook.com	appcenter	/	200	410464179	84724499	232059243	18	3531701	5
facebook.com	dialog	apprequests	200	410403800	84724499	232059243	11	3531701	5
facebook.com	dialog	apprequests	200	410462834	84724499	232059243	4	3531701	5
facebook.com	dialog	apprequests	200	410404379	84724499	232059243	21	3531701	5
facebook.com	dialog	apprequests	200	410462830	84724499	232059243	4	3531701	5
amazon.com	gp/cart	view.html	200	410464268	84724499	232059243	11	671065	5
amazon.com	gp/buy/pipeline	payselect.html	200	410464298	84724499	232059243	34	671065	5
amazon.com	gp/buy/thankyou/handlers	display.html?pageType=Checkout&orderId=103-0464608-7608202&asins=B00471JSRE&purchaseId=106-5458419-6893060&promiseType=spc	200	410464405	84724499	232059243	42	671065	5
amazon.com	gp/cart	view.html	200	410464254	84724499	232059243	14	671065	3
amazon.com	gp/buy/shipaddressselect/handlers	continue.html	200	410464286	84724499	232059243	12	671065	5
amazon.com	gp/product	B004NJC0DY	200	410464447	84724499	232059243	79	671065	3
amazon.com	/	/	200	410464197	84724499	232059243	22	671065	3
amazon.com	gp/cart	view.html	200	410464235	84724499	232059243	0	671065	3
amazon.com	gp/buy/signin/handlers	continue.html?ie=UTF8&hasWorkingJavascript=0&oldCustomerId=0&oldPurchaseId=&preInitiateCustomerId=A2F1UWF8MKU2OP&purchaseInProgress=&siteDesign=enabled&openid.assoc_handle=amazon_checkout_us&aToken=4|rJ8HOBKl+mz14JjNo011UJjA4Qt6wG	200	410464279	84724499	232059243	7	671065	5
amazon.com	gp/product	B00471JSRE	200	410464239	84724499	232059243	15	671065	3
amazon.com	gp/buy/signin/handlers	continue.html?ie=UTF8&hasWorkingJavascript=1&oldCustomerId=0&oldPurchaseId=&preInitiateCustomerId=A2F1UWF8MKU2OP&purchaseInProgress=&siteDesign=enabled&openid.assoc_handle=amazon_checkout_us&aToken=4|rtj8S9IyRxQQqekdwzRNJVJ4rw2yoApnK7YM6xT2B3o+CY8v2I8ko9R	200	410464332	84724499	232059243	2	671065	5
youtube.com	/	results	200	410477685	84724499	232059243	17	3718815	3
youtube.com	/	watch	200	410419594	84724499	232059243	142	3718815	3
youtube.com	/	results	200	410419736	84724499	232059243	7	3718815	3
facebook.com	ajax/home	generic.php	200	410466262	84724499	232059243	60	4408844	5
facebook.com	ajax/home	generic.php	200	410417089	84724499	232059243	18	4408844	5
facebook.com	ajax/home	generic.php	200	410417165	84724499	232059243	4	4408844	5
facebook.com	ajax/home	generic.php	200	410404543	84724499	232059243	5	4408844	5
facebook.com	ajax/home	generic.php	200	410404689	84724499	232059243	26	4408844	5
facebook.com	ajax/home	generic.php	200	410417136	84724499	232059243	18	4408844	5
facebook.com	ajax/home	generic.php	200	410466128	84724499	232059243	18	4408844	5
facebook.com	ajax/home	generic.php	200	410404625	84724499	232059243	31	4408844	5
facebook.com	ajax/home	generic.php	200	410417061	84724499	232059243	10	4408844	5
facebook.com	ajax/home	generic.php	200	410417118	84724499	232059243	7	4408844	5
facebook.com	ajax/home	generic.php	200	410404723	84724499	232059243	14	4408844	5
facebook.com	ajax/home	generic.php	200	410466117	84724499	232059243	11	4408844	5
facebook.com	ajax/home	generic.php	200	410417071	84724499	232059243	18	4408844	5
facebook.com	luckyslotsgame	/	302	410463676	84724499	232059243	9	4761456	3
facebook.com	luckyslotsgame	/	200	410404023	84724499	232059243	15	4761456	5
facebook.com	luckyslotsgame	/	200	410463685	84724499	232059243	6	4761456	5
facebook.com	luckyslotsgame	/	200	410404038	84724499	232059243	13	4761456	5
facebook.com	ajax/home	generic.php	200	410404557	84724499	232059243	51	4408844	5
facebook.com	ajax/home	generic.php	200	410466071	84724499	232059243	12	4408844	5
facebook.com	ajax/home	generic.php	200	410404809	84724499	232059243	4	4408844	5
facebook.com	ajax/home	generic.php	200	410404656	84724499	232059243	14	4408844	5
facebook.com	ajax/home	generic.php	200	410466083	84724499	232059243	6	4408844	5
facebook.com	ajax/home	generic.php	200	410404744	84724499	232059243	38	4408844	5
facebook.com	ajax/home	generic.php	200	410404822	84724499	232059243	84	4408844	5
facebook.com	ajax/home	generic.php	200	410417154	84724499	232059243	11	4408844	5
facebook.com	ajax/home	generic.php	200	410466056	84724499	232059243	15	4408844	5
facebook.com	ajax/home	generic.php	200	410404670	84724499	232059243	19	4408844	5
facebook.com	ajax/home	generic.php	200	410466155	84724499	232059243	15	4408844	5
facebook.com	ajax/home	generic.php	200	410466146	84724499	232059243	9	4408844	5
facebook.com	ajax/home	generic.php	200	410417107	84724499	232059243	11	4408844	5
facebook.com	ajax/pagelet/generic.php	PhotoViewerInitPagelet	200	410416853	84724499	232059243	31	3927365	5
facebook.com	ajax/pagelet/generic.php	PhotoViewerInitPagelet	200	410466099	84724499	232059243	18	3927365	5
youtube.com	/	watch	200	410419545	84724499	232059243	49	3718815	3
youtube.com	/	results	200	410420017	84724499	232059243	4	3718815	3
youtube.com	/	results	200	410419927	84724499	232059243	12	3718815	3
youtube.com	/	results	200	410419539	84724499	232059243	6	3718815	3
youtube.com	/	results	200	410475767	84724499	232059243	8	3718815	3
youtube.com	/	watch	200	410419939	84724499	232059243	78	3718815	3
youtube.com	/	watch	200	410420021	84724499	232059243	67	3718815	3
youtube.com	/	watch	200	410419743	84724499	232059243	45	3718815	3
youtube.com	/	results	200	410477712	84724499	232059243	28	3718815	3
youtube.com	/	results	200	410477768	84724499	232059243	9	3718815	3
facebook.com	ajax/pagelet/generic.php	MoreStoriesPagelet	200	410416884	84724499	232059243	22	14932183	5
facebook.com	ajax/pagelet/generic.php	MoreStoriesPagelet	200	410404535	84724499	232059243	8	14932183	5
facebook.com	playslingo	/	200	410463913	84724499	232059243	1	15868830	5
facebook.com	playslingo	/	200	410462140	84724499	232059243	8	15868830	5
facebook.com	ajax/pagelet/generic.php	MoreStoriesPagelet	200	410404737	84724499	232059243	7	14932183	5
facebook.com	ajax/pagelet/generic.php	MoreStoriesPagelet	200	410417125	84724499	232059243	11	14932183	5
facebook.com	ajax/pagelet/generic.php	MoreStoriesPagelet	200	410404548	84724499	232059243	9	14932183	5
facebook.com	ajax/pagelet/generic.php	MoreStoriesPagelet	200	410417169	84724499	232059243	10	14932183	5
facebook.com	ajax/pagelet/generic.php	MoreStoriesPagelet	200	410466089	84724499	232059243	10	14932183	5
facebook.com	ajax/pagelet/generic.php	MoreStoriesPagelet	200	410404715	84724499	232059243	8	14932183	5
facebook.com	ajax/pagelet/generic.php	MoreStoriesPagelet	200	410404608	84724499	232059243	17	14932183	5
facebook.com	ajax/home	generic.php	200	410404782	84724499	232059243	5	14394902	5
facebook.com	ajax/home	generic.php	200	410417179	84724499	232059243	46	14394902	5
facebook.com	ajax/home	generic.php	200	410404813	84724499	232059243	9	14394902	5
facebook.com	ajax/home	generic.php	200	410466170	84724499	232059243	35	14394902	5
facebook.com	ajax/home	generic.php	200	410466248	84724499	232059243	14	14394902	5
facebook.com	vegas-app	/	200	410402627	84724499	232059243	29	13981112	5
amazon.com	gp/buy/pipeline	payselect.html	200	410464334	84724499	232059243	71	671065	5
facebook.com	ajax/pagelet/generic.php	PhotoViewerPagelet	200	410469675	85289406	232508451	10	3927365	5
facebook.com	ajax/pagelet/generic.php	PhotoViewerInitPagelet	200	410434642	85289406	232508451	6	3927365	5
facebook.com	ajax/pagelet/generic.php	PhotoViewerInitPagelet	200	410469666	85289406	232508451	9	3927365	5
facebook.com	/	ashleigh.reckenberger	200	410429462	85289406	232508451	5	5713857	5
facebook.com	1sivils/posts	4871171579083	200	410407392	85289406	232508451	60	5713857	5
facebook.com	ninjasteeez/posts	457491190982073	200	410469658	85289406	232508451	2	5713857	5
facebook.com	tarantinosgirl	photos_albums	200	410409253	85289406	232508451	5	5713857	5
facebook.com	/	/	200	410469506	85289406	232508451	51	5713857	5
facebook.com	/	/	200	410434588	85289406	232508451	46	5713857	5
facebook.com	/	/	200	410418834	85289406	232508451	60	5713857	5
facebook.com	1sivils/posts	4871171579083	200	410405364	85289406	232508451	600	5713857	5
facebook.com	trevor.clements.526/posts	412141122194755	200	410469657	85289406	232508451	1	5713857	5
facebook.com	ajax/pagelet/generic.php	PhotoViewerPagelet	200	410434648	85289406	232508451	20	3927365	5
facebook.com	ajax/pagelet/generic.php	PhotoViewerPagelet	200	410472518	85289406	232508451	60	3927365	5
facebook.com	ajax/pagelet/generic.php	PhotoViewerInitPagelet	200	410472510	85289406	232508451	8	3927365	5
facebook.com	/	mckala.jones	200	410424450	85289406	232508451	60	3531701	5
facebook.com	/	megstergios	200	410434634	85289406	232508451	8	3531701	5
facebook.com	/	index.php	200	410409264	85289406	232508451	120	3531701	5
facebook.com	michael.locklear.7/posts	323471591102353	200	410469557	85289406	232508451	100	3531701	5
facebook.com	/	frank.serrano.908	200	410415472	85289406	232508451	296	3531701	5
facebook.com	/	ashleigh.reckenberger	200	410415768	85289406	232508451	107	3531701	5
facebook.com	ajax/pagelet/generic.php	PhotoViewerInitPagelet	200	410472488	85289406	232508451	8	3927365	5
facebook.com	tarantinosgirl	photos_stream	200	410409247	85289406	232508451	6	3927365	5
facebook.com	ajax/pagelet/generic.php	PhotoViewerInitPagelet	200	410469263	85289406	232508451	120	3927365	5
facebook.com	ajax/pagelet/generic.php	PhotoViewerPagelet	200	410469685	85289406	232508451	60	3927365	5
facebook.com	/	photo.php	200	410469195	85289406	232508451	3	3927365	5
facebook.com	ajax/pagelet/generic.php	PhotoViewerPagelet	200	410434668	85289406	232508451	60	3927365	5
facebook.com	ajax/pagelet/generic.php	PhotoViewerInitPagelet	200	410404716	85289406	232508451	37	3927365	5
facebook.com	ajax/pagelet/generic.php	PhotoViewerPagelet	200	410469198	85289406	232508451	47	3927365	5
facebook.com	/	/	200	410429467	85289406	232508451	60	5713857	5
facebook.com	media/set	/	200	410409258	85289406	232508451	6	5713857	5
facebook.com	/	tarantinosgirl	200	410409203	85289406	232508451	44	8222324	5
facebook.com	ajax/pagelet/generic.php	ProfileTimelineSectionPagelet	200	410415898	85289406	232508451	60	13704975	5
facebook.com	ajax/pagelet/generic.php	ProfileTimelineSectionPagelet	200	410411568	85289406	232508451	60	13704975	5
facebook.com	ajax/pagelet/generic.php	MoreStoriesPagelet	200	410404679	85289406	232508451	37	14932183	5
facebook.com	ajax/pagelet/generic.php	MoreStoriesPagelet	200	410428930	85289406	232508451	120	14932183	5
facebook.com	ajax/pagelet/generic.php	MoreStoriesPagelet	200	410404753	85289406	232508451	16	14932183	5
facebook.com	ajax/pagelet/generic.php	MoreStoriesPagelet	200	410404665	85289406	232508451	14	14932183	5
facebook.com	ajax/pagelet/generic.php	MoreStoriesPagelet	200	410404827	85289406	232508451	33	14932183	5
facebook.com	ajax/pagelet/generic.php	MoreStoriesPagelet	200	410404769	85289406	232508451	58	14932183	5
facebook.com	ajax/pagelet/generic.php	MoreStoriesPagelet	200	410404910	85289406	232508451	120	14932183	5
facebook.com	ajax/pagelet/generic.php	MoreStoriesPagelet	200	410404577	85289406	232508451	62	14932183	5
facebook.com	ajax/pagelet/generic.php	MoreStoriesPagelet	200	410404639	85289406	232508451	26	14932183	5
facebook.com	ajax/pagelet/generic.php	MoreStoriesPagelet	200	410404860	85289406	232508451	50	14932183	5
facebook.com	ajax/pagelet/generic.php	MoreStoriesPagelet	200	410410702	85289406	232508451	120	14932183	5
facebook.com	/	ninjasteeez	200	410434535	85289406	232508451	53	8222324	5
facebook.com	nikkolle.lisiecki	photos	200	410469254	85289406	232508451	9	8222324	5
facebook.com	/	nikkolle.lisiecki	200	410469245	85289406	232508451	9	8222324	5
facebook.com	luke.wollett	photos_stream	200	410472506	85289406	232508451	4	5713857	5
facebook.com	trevor.clements.526/posts	412141122194755	200	410469660	85289406	232508451	6	5713857	5
facebook.com	/	/	200	410410678	85289406	232508451	24	6056310	5
facebook.com	/	home.php	200	410483638	85289406	232508451	60	8045108	5
facebook.com	/	home.php	200	410434489	85289406	232508451	46	8045108	5
facebook.com	/	home.php	200	410469162	85289406	232508451	33	8045108	5
facebook.com	/	home.php	200	410482550	85289406	232508451	120	8045108	5
facebook.com	/	home.php	200	410415384	85289406	232508451	88	8045108	5
facebook.com	/	home.php	200	410471897	85289406	232508451	120	8045108	5
facebook.com	/	home.php	200	410411287	85289406	232508451	120	8045108	5
facebook.com	/	profile.php	200	410472480	85289406	232508451	8	8194001	5
facebook.com	/	profile.php	200	410472496	85289406	232508451	10	8194001	5
facebook.com	/	profile.php	200	410472496	85289406	232508451	0	8194001	5
facebook.com	/	trevor.clements.526	200	410415875	85289406	232508451	23	8222324	5
facebook.com	/	babylette420	200	410411566	85289406	232508451	2	3531701	5
facebook.com	/	/	200	410406067	87112848	235707675	120	6056310	5
facebook.com	/	/	200	410483556	87112848	235707675	28	6056310	5
facebook.com	/	/	200	410406030	87112848	235707675	37	6056310	5
facebook.com	/	/	200	410407918	87112848	235707675	120	6056310	5
facebook.com	/	/	200	410405991	87112848	235707675	0	6056310	5
facebook.com	/	/	200	410405991	87112848	235707675	32	6056310	5
facebook.com	/	/	200	410471627	87112848	235707675	23	6056310	5
facebook.com	/	/	200	410471049	87112848	235707675	35	6056310	5
facebook.com	/	/	200	410483515	87112848	235707675	41	6056310	5
youtube.com	/	/	200	410483173	87112848	235707675	16	6174440	3
youtube.com	/	/	200	410406354	87112848	235707675	26	6174440	3
youtube.com	/	/	200	410472676	87112848	235707675	29	6174440	3
facebook.com	messages	1429973174	200	410410276	87112848	235707675	120	11157922	5
facebook.com	messages	1578275408	200	410484614	87112848	235707675	61	11157922	5
facebook.com	/	/	200	410484594	87112848	235707675	20	6056310	5
facebook.com	/	/	200	410405990	87112848	235707675	1	6056310	5
facebook.com	/	/	200	410472966	87112848	235707675	120	6056310	5
facebook.com	/	/	200	410412803	87112848	235707675	30	6056310	5
facebook.com	/	/	200	410412833	87112848	235707675	65	6056310	5
facebook.com	/	/	200	410471011	87112848	235707675	38	6056310	5
facebook.com	/	/	200	410405808	87112848	235707675	19	6056310	5
facebook.com	/	/	200	410406023	87112848	235707675	7	6056310	5
facebook.com	/	/	200	410405756	87112848	235707675	52	6056310	5
facebook.com	messages	1578275408	200	410471593	87112848	235707675	34	11157922	5
facebook.com	ajax/pagelet/generic.php	MoreStoriesPagelet	200	410471259	87112848	235707675	88	14932183	5
facebook.com	ajax/pagelet/generic.php	ProfileTimelineSectionPagelet	200	410483725	87112848	235707675	0	13704975	5
facebook.com	ajax/pagelet/generic.php	ProfileTimelineSectionPagelet	200	410471890	87112848	235707675	120	13704975	5
facebook.com	ajax/pagelet/generic.php	ProfileTimelineSectionPagelet	200	410471663	87112848	235707675	227	13704975	5
facebook.com	ajax/pagelet/generic.php	ProfileTimelineSectionPagelet	200	410486365	87112848	235707675	33	13704975	5
facebook.com	ajax/pagelet/generic.php	MoreStoriesPagelet	200	410412898	87112848	235707675	120	14932183	5
facebook.com	ajax/pagelet/generic.php	MoreStoriesPagelet	200	410472517	87112848	235707675	5	14932183	5
facebook.com	ajax/pagelet/generic.php	MoreStoriesPagelet	200	410471163	87112848	235707675	31	14932183	5
facebook.com	ajax/pagelet/generic.php	MoreStoriesPagelet	200	410471144	87112848	235707675	19	14932183	5
facebook.com	ajax/pagelet/generic.php	MoreStoriesPagelet	200	410409760	87112848	235707675	120	14932183	5
facebook.com	ajax/pagelet/generic.php	MoreStoriesPagelet	200	410472589	87112848	235707675	32	14932183	5
facebook.com	ajax/pagelet/generic.php	MoreStoriesPagelet	200	410472483	87112848	235707675	34	14932183	5
facebook.com	ajax/pagelet/generic.php	MoreStoriesPagelet	200	410408743	87112848	235707675	120	14932183	5
facebook.com	ajax/pagelet/generic.php	MoreStoriesPagelet	200	410472621	87112848	235707675	34	14932183	5
facebook.com	ajax/pagelet/generic.php	MoreStoriesPagelet	200	410483641	87112848	235707675	62	14932183	5
facebook.com	ajax/pagelet/generic.php	MoreStoriesPagelet	200	410413969	87112848	235707675	120	14932183	5
facebook.com	jcrich1/posts	405165669562620	200	410483584	87112848	235707675	14	3531701	5
facebook.com	/	mary.sette.7	200	410410697	87112848	235707675	120	3531701	5
facebook.com	/	/	200	410408379	87112848	235707675	79	3531701	5
facebook.com	/	mary.sette.7	200	410486211	87112848	235707675	27	3531701	5
facebook.com	/	/	200	410409614	87112848	235707675	120	3531701	5
facebook.com	/	/	200	410471084	87112848	235707675	53	3531701	5
facebook.com	/	/	200	410472431	87112848	235707675	5	3531701	5
facebook.com	/	mary.sette.7	200	410414174	87112848	235707675	120	3531701	5
facebook.com	/	mary.sette.7	200	410472664	87112848	235707675	12	3531701	5
facebook.com	/	mary.sette.7	200	410472655	87112848	235707675	9	3531701	5
facebook.com	/	tim.gartner.12	200	410483725	87112848	235707675	35	3531701	5
facebook.com	/	mary.sette.7	200	410408517	87112848	235707675	120	3531701	5
facebook.com	/	mary.sette.7	200	410471137	87112848	235707675	7	3531701	5
facebook.com	/	/	200	410472436	87112848	235707675	47	3531701	5
facebook.com	/	/	200	410483618	87112848	235707675	23	3531701	5
facebook.com	/	mary.sette.7	200	410409300	87112848	235707675	307	3531701	5
facebook.com	/	mary.sette.7	200	410472404	87112848	235707675	7	3531701	5
youtube.com	/	watch	200	410483208	87112848	235707675	120	3718815	3
youtube.com	/	results	200	410406380	87112848	235707675	5	3718815	3
youtube.com	/	results	200	410410153	87112848	235707675	120	3718815	3
youtube.com	/	watch	200	410406439	87112848	235707675	525	3718815	3
facebook.com	/	mary.sette.7	200	410409286	87112848	235707675	14	3531701	5
facebook.com	/	kristen.v.pierce	200	410485247	87112848	235707675	68	3531701	5
facebook.com	/	/	200	410409607	87112848	235707675	7	3531701	5
facebook.com	/	mary.sette.7	200	410483598	87112848	235707675	20	3531701	5
facebook.com	/	/	200	410486398	87112848	235707675	60	3531701	5
facebook.com	/	mary.sette.7	200	410405827	87112848	235707675	15	3531701	5
facebook.com	/	janis.ceresi	200	410471650	87112848	235707675	13	3531701	5
youtube.com	/	results	200	410472705	87112848	235707675	21	3718815	3
youtube.com	/	results	200	410483189	87112848	235707675	15	3718815	3
youtube.com	/	results	200	410408458	87112848	235707675	59	3718815	3
facebook.com	ajax/home	generic.php	200	410413813	87112848	235707675	120	4408844	5
facebook.com	ajax/home	generic.php	200	410406385	87112848	235707675	26	4408844	5
facebook.com	ajax/ufi	comment_like.php	200	410405940	87112848	235707675	50	4408844	5
youtube.com	/	results	200	410406411	87112848	235707675	9	3718815	3
youtube.com	/	results	200	410407066	87112848	235707675	120	3718815	3
youtube.com	/	results	200	410483204	87112848	235707675	4	3718815	3
youtube.com	/	watch	200	410472726	87112848	235707675	120	3718815	3
youtube.com	/	results	200	410406964	87112848	235707675	102	3718815	3
youtube.com	/	results	200	410406420	87112848	235707675	19	3718815	3
youtube.com	/	results	200	410408303	87112848	235707675	76	3718815	3
facebook.com	ajax/pagelet/generic.php	PhotoViewerPagelet	200	410471226	87112848	235707675	33	3927365	5
facebook.com	ajax/pagelet/generic.php	PhotoViewerInitPagelet	200	410471194	87112848	235707675	32	3927365	5
facebook.com	ajax/pagelet/generic.php	PhotoViewerInitPagelet	200	410405842	87112848	235707675	98	3927365	5
youtube.com	/	results	200	410440254	86942137	236114307	7	3718815	3
youtube.com	/	watch	200	410421616	86942137	236114307	354	3718815	3
youtube.com	/	playlist	200	410419475	86942137	236114307	33	3718815	3
youtube.com	/	results	200	410439263	86942137	236114307	7	3718815	3
youtube.com	/	watch	200	410419601	86942137	236114307	31	3718815	3
youtube.com	/	upload_embed	200	410420158	86942137	236114307	15	3718815	5
youtube.com	/	watch	200	410423899	86942137	236114307	158	3718815	3
youtube.com	/	watch	200	410422016	86942137	236114307	15	3718815	3
youtube.com	/	upload_embed	200	410419508	86942137	236114307	68	3718815	5
youtube.com	/	playlist	200	410422052	86942137	236114307	4	3718815	3
youtube.com	/	watch	200	410422056	86942137	236114307	4	3718815	3
youtube.com	/	results	200	410483915	86942137	236114307	23	3718815	3
youtube.com	/	inbox	200	410438253	86942137	236114307	107	3718815	3
youtube.com	/	results	200	410440600	86942137	236114307	19	3718815	3
youtube.com	/	results	200	410419632	86942137	236114307	4	3718815	3
youtube.com	/	results	200	410439845	86942137	236114307	9	3718815	3
youtube.com	/	watch	200	410417593	86942137	236114307	233	3718815	3
youtube.com	/	watch	200	410424328	86942137	236114307	120	3718815	3
youtube.com	/	watch	200	410420933	86942137	236114307	342	3718815	3
youtube.com	/	upload_embed	200	410422376	86942137	236114307	14	3718815	5
youtube.com	/	results	200	410440596	86942137	236114307	4	3718815	3
youtube.com	/	results	200	410437490	86942137	236114307	4	3718815	3
youtube.com	/	results	200	410419789	86942137	236114307	7	3718815	3
youtube.com	/	playlist	200	410419748	86942137	236114307	8	3718815	3
youtube.com	/	watch	200	410477701	86942137	236114307	120	3718815	3
youtube.com	/	playlist	200	410419576	86942137	236114307	17	3718815	3
youtube.com	/	watch	200	410416759	86942137	236114307	418	3718815	3
youtube.com	/	results	200	410441407	86942137	236114307	12	3718815	3
youtube.com	/	watch	200	410422871	86942137	236114307	190	3718815	3
youtube.com	/	playlist	200	410422031	86942137	236114307	8	3718815	3
youtube.com	/	watch	200	410439457	86942137	236114307	388	3718815	3
youtube.com	/	results	200	410441149	86942137	236114307	8	3718815	3
youtube.com	/	watch	200	410437494	86942137	236114307	349	3718815	3
youtube.com	/	watch	200	410422356	86942137	236114307	13	3718815	3
youtube.com	/	results	200	410422004	86942137	236114307	12	3718815	3
youtube.com	/	playlist	200	410422369	86942137	236114307	7	3718815	3
youtube.com	/	watch	200	410421275	86942137	236114307	341	3718815	3
youtube.com	/	watch	200	410437843	86942137	236114307	299	3718815	3
youtube.com	/	playlist	200	410419668	86942137	236114307	16	3718815	3
youtube.com	/	watch	200	410440261	86942137	236114307	335	3718815	3
facebook.com	ajax/pagelet/generic.php	ProfileTimelineSectionPagelet	200	410437212	86942137	236114307	118	13704975	5
facebook.com	ajax/pagelet/generic.php	MoreStoriesPagelet	200	410436716	86942137	236114307	51	14932183	5
facebook.com	ajax/pagelet/generic.php	MoreStoriesPagelet	200	410436767	86942137	236114307	52	14932183	5
facebook.com	ajax/pagelet/generic.php	MoreStoriesPagelet	200	410437003	86942137	236114307	113	14932183	5
facebook.com	ajax/pagelet/generic.php	MoreStoriesPagelet	200	410436521	86942137	236114307	32	14932183	5
facebook.com	ajax/pagelet/generic.php	MoreStoriesPagelet	200	410436938	86942137	236114307	28	14932183	5
facebook.com	ajax/pagelet/generic.php	MoreStoriesPagelet	200	410436974	86942137	236114307	24	14932183	5
facebook.com	ajax/pagelet/generic.php	MoreStoriesPagelet	200	410436925	86942137	236114307	9	14932183	5
facebook.com	ajax/pagelet/generic.php	MoreStoriesPagelet	200	410436819	86942137	236114307	56	14932183	5
facebook.com	ajax/pagelet/generic.php	MoreStoriesPagelet	200	410436582	86942137	236114307	91	14932183	5
facebook.com	ajax/pagelet/generic.php	MoreStoriesPagelet	200	410436673	86942137	236114307	43	14932183	5
facebook.com	ajax/pagelet/generic.php	MoreStoriesPagelet	200	410436494	86942137	236114307	27	14932183	5
facebook.com	ajax/pagelet/generic.php	MoreStoriesPagelet	200	410436564	86942137	236114307	18	14932183	5
facebook.com	ajax/pagelet/generic.php	MoreStoriesPagelet	200	410436934	86942137	236114307	4	14932183	5
facebook.com	ajax/pagelet/generic.php	MoreStoriesPagelet	200	410436875	86942137	236114307	5	14932183	5
facebook.com	ajax/pagelet/generic.php	MoreStoriesPagelet	200	410436553	86942137	236114307	11	14932183	5
facebook.com	ajax/pagelet/generic.php	MoreStoriesPagelet	200	410436910	86942137	236114307	15	14932183	5
facebook.com	ajax/pagelet/generic.php	MoreStoriesPagelet	200	410436880	86942137	236114307	30	14932183	5
facebook.com	ajax/pagelet/generic.php	PhotoViewerInitPagelet	200	410436998	86942137	236114307	5	3927365	5
facebook.com	/	/	200	410436462	86942137	236114307	32	6056310	5
facebook.com	/	/	302	410436454	86942137	236114307	8	6056310	3
youtube.com	/	/	200	410477501	86942137	236114307	22	6174440	3
youtube.com	/	/	200	410483906	86942137	236114307	9	6174440	3
youtube.com	/	/	200	410416725	86942137	236114307	18	6174440	3
youtube.com	/	/	200	410437330	86942137	236114307	120	6174440	3
facebook.com	/	tenacious	200	410437192	86942137	236114307	20	8222324	5
youtube.com	/	playlist	200	410420085	86942137	236114307	20	3718815	3
youtube.com	/	results	200	410419863	86942137	236114307	25	3718815	3
youtube.com	/	watch	200	410418153	86942137	236114307	477	3718815	3
youtube.com	/	results	200	410477523	86942137	236114307	71	3718815	3
youtube.com	/	results	200	410419593	86942137	236114307	8	3718815	3
youtube.com	/	watch	200	410418895	86942137	236114307	254	3718815	3
youtube.com	/	playlist	200	410420151	86942137	236114307	7	3718815	3
youtube.com	/	results	200	410420105	86942137	236114307	4	3718815	3
youtube.com	user	TacoNinja27	200	410416743	86942137	236114307	16	3718815	3
youtube.com	/	watch	200	410441157	86942137	236114307	250	3718815	3
youtube.com	/	playlist	200	410419684	86942137	236114307	40	3718815	3
youtube.com	/	watch	200	410441419	86942137	236114307	297	3718815	3
youtube.com	/	results	200	410441716	86942137	236114307	17	3718815	3
youtube.com	/	watch	200	410422390	86942137	236114307	7	3718815	3
youtube.com	/	watch	200	410419729	86942137	236114307	19	3718815	3
youtube.com	/	watch	200	410419888	86942137	236114307	17	3718815	3
youtube.com	/	watch	200	410477594	86942137	236114307	107	3718815	3
youtube.com	/	watch	200	410417177	86942137	236114307	416	3718815	3
youtube.com	/	results	200	410419953	86942137	236114307	7	3718815	3
youtube.com	/	watch	200	410438142	86942137	236114307	111	3718815	3
youtube.com	user	TacoNinja27	200	410419468	86942137	236114307	7	3718815	3
youtube.com	/	upload_embed	200	410419909	86942137	236114307	28	3718815	5
youtube.com	/	watch	200	410417826	86942137	236114307	327	3718815	3
youtube.com	/	playlist	200	410419756	86942137	236114307	33	3718815	3
youtube.com	/	watch	200	410441733	86942137	236114307	60	3718815	3
youtube.com	/	results	200	410422349	86942137	236114307	7	3718815	3
youtube.com	/	watch	200	410420280	86942137	236114307	290	3718815	3
youtube.com	/	upload_embed	200	410422039	86942137	236114307	13	3718815	5
youtube.com	/	results	200	410419724	86942137	236114307	5	3718815	3
youtube.com	/	playlist	200	410419937	86942137	236114307	16	3718815	3
youtube.com	/	playlist	200	410420016	86942137	236114307	69	3718815	3
youtube.com	/	watch	200	410418630	86942137	236114307	265	3718815	3
youtube.com	/	watch	200	410419796	86942137	236114307	29	3718815	3
youtube.com	/	watch	200	410440619	86942137	236114307	530	3718815	3
youtube.com	/	playlist	200	410419905	86942137	236114307	4	3718815	3
youtube.com	user	TacoNinja27	200	410419658	86942137	236114307	10	3718815	3
youtube.com	/	playlist	200	410419825	86942137	236114307	38	3718815	3
youtube.com	/	watch	200	410424057	86942137	236114307	271	3718815	3
youtube.com	/	watch	200	410422060	86942137	236114307	289	3718815	3
youtube.com	/	watch	200	410483943	86942137	236114307	120	3718815	3
youtube.com	/	watch	200	410419149	86942137	236114307	319	3718815	3
youtube.com	/	watch	200	410439854	86942137	236114307	400	3718815	3
youtube.com	/	watch	200	410422474	86942137	236114307	397	3718815	3
youtube.com	/	results	200	410483938	86942137	236114307	5	3718815	3
youtube.com	/	watch	200	410438360	86942137	236114307	600	3718815	3
youtube.com	/	watch	200	410439270	86942137	236114307	187	3718815	3
youtube.com	/	watch	200	410422397	86942137	236114307	77	3718815	3
youtube.com	/	watch	200	410420109	86942137	236114307	42	3718815	3
youtube.com	/	watch	200	410420570	86942137	236114307	363	3718815	3
youtube.com	/	watch	200	410423353	86942137	236114307	270	3718815	3
youtube.com	/	watch	200	410419960	86942137	236114307	56	3718815	3
youtube.com	/	watch	200	410421970	86942137	236114307	34	3718815	3
youtube.com	/	watch	200	410423061	86942137	236114307	292	3718815	3
youtube.com	/	watch	200	410419636	86942137	236114307	22	3718815	3
youtube.com	/	playlist	200	410420173	86942137	236114307	107	3718815	3
youtube.com	/	watch	200	410423623	86942137	236114307	276	3718815	3
facebook.com	ajax/pagelet/generic.php	MoreStoriesPagelet	200	410436966	86942137	236114307	8	14932183	5
youtube.com	/	watch	200	410401145	86773345	236553027	63	3718815	3
youtube.com	/	watch	200	410402262	86773345	236553027	158	3718815	3
youtube.com	/	null	200	410401535	86773345	236553027	210	3718815	3
youtube.com	/	watch	200	410401745	86773345	236553027	7	3718815	3
youtube.com	/	/	200	410400052	86773345	236553027	15	6174440	3
youtube.com	/	/	200	410400027	86773345	236553027	25	6174440	3
youtube.com	/	watch	200	410402019	86773345	236553027	120	6928214	3
youtube.com	/	watch	200	410404700	86773345	236553027	287	7550008	3
youtube.com	/	watch	200	410404987	86773345	236553027	283	7550008	3
youtube.com	/	watch	200	410404145	86773345	236553027	67	7550008	3
youtube.com	/	watch	200	410404212	86773345	236553027	120	7550008	3
youtube.com	/	watch	200	410400459	86773345	236553027	512	3718815	3
youtube.com	/	watch	200	410404452	86773345	236553027	120	3718815	3
youtube.com	/	watch	200	410401037	86773345	236553027	94	3718815	3
youtube.com	/	watch	200	410401226	86773345	236553027	40	3718815	3
youtube.com	/	watch	200	410400971	86773345	236553027	66	3718815	3
youtube.com	/	watch	200	410401528	86773345	236553027	7	3718815	3
youtube.com	/	watch	200	410401208	86773345	236553027	14	3718815	3
youtube.com	/	watch	200	410400084	86773345	236553027	375	3718815	3
youtube.com	/	null	200	410401752	86773345	236553027	120	3718815	3
youtube.com	/	watch	200	410401131	86773345	236553027	14	3718815	3
youtube.com	/	results	200	410400067	86773345	236553027	17	3718815	3
youtube.com	/	results	200	410401266	86773345	236553027	22	3718815	3
youtube.com	/	watch	200	410402258	86773345	236553027	4	3718815	3
youtube.com	/	watch	200	410401288	86773345	236553027	240	3718815	3
youtube.com	/	watch	200	410401222	86773345	236553027	4	3718815	3
facebook.com	/	w.php	302	410400058	87946998	236633091	2	3531701	3
facebook.com	/	w.php	302	410400089	87946998	236633091	8	3531701	3
facebook.com	/	w.php	302	410400115	87946998	236633091	10	3531701	3
facebook.com	/	w.php	302	410400074	87946998	236633091	6	3531701	3
facebook.com	/	w.php	302	410400072	87946998	236633091	2	3531701	5
facebook.com	/	w.php	302	410400060	87946998	236633091	1	3531701	3
facebook.com	/	w.php	302	410400061	87946998	236633091	2	3531701	3
facebook.com	/	w.php	302	410400018	87946998	236633091	13	3531701	3
facebook.com	/	w.php	302	410400039	87946998	236633091	2	3531701	3
facebook.com	/	w.php	302	410400012	87946998	236633091	3	3531701	5
facebook.com	/	w.php	302	410400113	87946998	236633091	2	3531701	3
facebook.com	/	w.php	302	410400101	87946998	236633091	5	3531701	3
facebook.com	/	w.php	302	410400052	87946998	236633091	4	3531701	3
facebook.com	/	w.php	302	410400135	87946998	236633091	21	3531701	5
facebook.com	/	home.php	200	410400156	87946998	236633091	120	8045108	5
facebook.com	ajax/pagelet/generic.php	MoreStoriesPagelet	200	410401114	87946998	236633091	253	14932183	5
facebook.com	ajax/pagelet/generic.php	MoreStoriesPagelet	200	410401586	87946998	236633091	60	14932183	5
facebook.com	ajax/pagelet/generic.php	MoreStoriesPagelet	200	410401367	87946998	236633091	219	14932183	5
facebook.com	/	w.php	302	410400067	87946998	236633091	5	3531701	3
facebook.com	/	w.php	302	410400106	87946998	236633091	1	3531701	3
facebook.com	/	w.php	302	410400080	87946998	236633091	3	3531701	3
facebook.com	/	w.php	302	410400083	87946998	236633091	6	3531701	3
facebook.com	/	w.php	302	410400125	87946998	236633091	2	3531701	5
facebook.com	/	w.php	302	410400050	87946998	236633091	2	3531701	5
facebook.com	/	w.php	302	410400037	87946998	236633091	2	3531701	3
facebook.com	/	w.php	302	410400001	87946998	236633091	11	3531701	3
facebook.com	/	w.php	302	410400097	87946998	236633091	4	3531701	5
facebook.com	/	w.php	302	410400041	87946998	236633091	9	3531701	3
facebook.com	/	w.php	302	410400063	87946998	236633091	4	3531701	3
facebook.com	/	w.php	302	410400031	87946998	236633091	4	3531701	5
facebook.com	/	w.php	302	410400015	87946998	236633091	3	3531701	3
facebook.com	/	w.php	302	410400035	87946998	236633091	2	3531701	3
facebook.com	/	w.php	302	410400127	87946998	236633091	8	3531701	3
facebook.com	/	w.php	302	410400111	87946998	236633091	2	3531701	3
facebook.com	/	w.php	302	410400056	87946998	236633091	2	3531701	3
facebook.com	/	w.php	302	410400109	87946998	236633091	2	3531701	3
facebook.com	/	w.php	302	410400107	87946998	236633091	2	3531701	3
facebook.com	ajax/pagelet/generic.php	MoreStoriesPagelet	200	410400790	87946998	236633091	324	14932183	5
youtube.com	/	results	200	410440787	88237252	237022707	6	3718815	3
youtube.com	/	watch	200	410477316	88237252	237022707	13	3718815	3
youtube.com	/	watch	200	410477329	88237252	237022707	76	3718815	3
youtube.com	/	watch	200	410478157	88237252	237022707	19	3718815	3
youtube.com	/	watch	200	410440943	88237252	237022707	219	3718815	3
youtube.com	/	watch	200	410441686	88237252	237022707	309	3718815	3
youtube.com	/	watch	200	410441171	88237252	237022707	330	3718815	3
youtube.com	/	watch	200	410477299	88237252	237022707	17	3718815	3
youtube.com	/	watch	200	410440866	88237252	237022707	40	3718815	3
youtube.com	/	watch	200	410441522	88237252	237022707	151	3718815	3
youtube.com	/	results	200	410441501	88237252	237022707	7	3718815	3
youtube.com	/	watch	200	410440813	88237252	237022707	24	3718815	3
youtube.com	/	/	200	410478033	88237252	237022707	15	6174440	3
youtube.com	/	/	200	410440743	88237252	237022707	44	6174440	3
youtube.com	/	/	200	410477427	88237252	237022707	8	6174440	3
youtube.com	/	/	200	410477502	88237252	237022707	120	6174440	3
youtube.com	/	/	200	410478185	88237252	237022707	23	6174440	3
youtube.com	/	/	200	410478021	88237252	237022707	12	6174440	3
youtube.com	/	/	200	410477435	88237252	237022707	49	6174440	3
youtube.com	/	/	200	410477484	88237252	237022707	18	6174440	3
youtube.com	/	watch	200	410477405	88237252	237022707	18	3718815	3
youtube.com	/	results	200	410440906	88237252	237022707	9	3718815	3
youtube.com	/	results	200	410478208	88237252	237022707	45	3718815	3
youtube.com	/	watch	200	410440837	88237252	237022707	29	3718815	3
youtube.com	/	watch	200	410441508	88237252	237022707	14	3718815	3
youtube.com	/	results	200	410440793	88237252	237022707	20	3718815	3
youtube.com	/	watch	200	410440918	88237252	237022707	22	3718815	3
youtube.com	/	watch	200	410440940	88237252	237022707	3	3718815	3
youtube.com	/	watch	200	410441162	88237252	237022707	9	3718815	3
youtube.com	/	watch	200	410441673	88237252	237022707	13	3718815	3
youtube.com	/	watch	200	410478253	88237252	237022707	60	3718815	3
youtube.com	/	watch	200	410441995	88237252	237022707	60	3718815	3
youtube.com	/	watch	200	410440915	88237252	237022707	3	3718815	3
youtube.com	/	watch	200	410478048	88237252	237022707	109	3718815	3
twitter.com	pw_rst/e/915480253/gfklWBTo9jM_i2eunkrzFgS38ec=-1357082887-user	0	302	410484705	87571868	237042963	24	4272659	5
twitter.com	/	/	200	410485382	87571868	237042963	2	4272659	5
twitter.com	i	/	200	410485384	87571868	237042963	27	4272659	5
twitter.com	/	/	200	410485581	87571868	237042963	3	4272659	3
twitter.com	/	sessions	302	410484729	87571868	237042963	18	4272659	5
twitter.com	i	/	200	410484951	87571868	237042963	431	4272659	5
twitter.com	login	captcha	200	410484309	87571868	237042963	150	4272659	5
twitter.com	/	/	200	410484949	87571868	237042963	2	4272659	5
twitter.com	account	password_reset_sent	200	410484488	87571868	237042963	16	4272659	5
twitter.com	i/profiles	popup	200	410485714	87571868	237042963	51	4272659	5
twitter.com	/	/	200	410484230	87571868	237042963	18	4272659	3
twitter.com	/	/	200	410414056	87571868	237042963	4	4272659	3
facebook.com	ajax/pagelet/generic.php	PhotoViewerInitPagelet	200	410413731	87571868	237042963	76	3927365	3
facebook.com	ajax/pagelet/generic.php	PhotoViewerInitPagelet	200	410416866	87571868	237042963	68	3927365	3
facebook.com	ajax/pagelet/generic.php	PhotoViewerInitPagelet	200	410416954	87571868	237042963	68	3927365	3
youtube.com	/	watch	200	410435563	87571868	237042963	60	3718815	3
twitter.com	account	resend_password	200	410484459	87571868	237042963	29	4272659	5
twitter.com	/	/	200	410484850	87571868	237042963	28	4272659	5
twitter.com	i	/	200	410485411	87571868	237042963	170	4272659	5
facebook.com	/	/	200	410485826	87571868	237042963	120	5713857	3
facebook.com	ajax/home	generic.php	200	410413672	87571868	237042963	23	4408844	3
facebook.com	ajax/home	generic.php	200	410486176	87571868	237042963	60	4408844	3
twitter.com	/	/	200	410484830	87571868	237042963	8	4272659	5
twitter.com	/	followers	200	410485632	87571868	237042963	42	4272659	5
twitter.com	/	/	200	410414060	87571868	237042963	25	4272659	5
twitter.com	pw_rst/e/915480253/gfklWBTo9jM_i2eunkrzFgS38ec=-1357082887-user	0	200	410484688	87571868	237042963	17	4272659	5
twitter.com	/	awhitt9	200	410484878	87571868	237042963	71	4272659	5
twitter.com	/	/	200	410484841	87571868	237042963	9	4272659	5
twitter.com	/	/	200	410485584	87571868	237042963	48	4272659	5
twitter.com	ozzy420666/status/285620926362554368/photo	1	200	410414085	87571868	237042963	60	4272659	5
twitter.com	/	/	200	410485674	87571868	237042963	27	4272659	5
twitter.com	login	captcha	200	410484248	87571868	237042963	45	4272659	5
twitter.com	colburn_dan/status/286252785463349248/photo	1	200	410484838	87571868	237042963	3	4272659	5
twitter.com	/	sessions	302	410484293	87571868	237042963	16	4272659	5
twitter.com	/	search	200	410485701	87571868	237042963	13	4272659	5
twitter.com	account	password_reset_sent	302	410484747	87571868	237042963	83	4272659	5
youtube.com	user/mnaccord	videos	200	410435510	87571868	237042963	10	3718815	3
youtube.com	/	watch	200	410435123	87571868	237042963	138	3718815	3
youtube.com	/	watch	200	410435426	87571868	237042963	84	3718815	3
youtube.com	/	watch	200	410479408	87571868	237042963	60	3718815	3
youtube.com	/	results	200	410420274	87571868	237042963	19	3718815	3
facebook.com	/	/	200	410477197	87571868	237042963	28	3531701	3
facebook.com	/	shay.duffett	200	410426963	87571868	237042963	13	3531701	3
facebook.com	/	hannah.duffett.3	200	410427031	87571868	237042963	26	3531701	3
youtube.com	user	mnaccord	200	410434754	87571868	237042963	216	3718815	3
youtube.com	/	watch	200	410422737	87571868	237042963	120	3718815	3
youtube.com	/	results	200	410423179	87571868	237042963	24	3718815	3
youtube.com	/	results	200	410422714	87571868	237042963	23	3718815	3
youtube.com	/	results	200	410479378	87571868	237042963	30	3718815	3
youtube.com	/	results	200	410434561	87571868	237042963	64	3718815	3
youtube.com	/	watch	200	410420293	87571868	237042963	600	3718815	3
youtube.com	/	watch	200	410434271	87571868	237042963	290	3718815	3
youtube.com	/	watch	200	410479337	87571868	237042963	41	3718815	3
youtube.com	/	watch	200	410434625	87571868	237042963	129	3718815	3
youtube.com	/	results	200	410479328	87571868	237042963	9	3718815	3
youtube.com	/	watch	200	410479238	87571868	237042963	90	3718815	3
youtube.com	/	results	200	410479214	87571868	237042963	24	3718815	3
youtube.com	/	watch	200	410435520	87571868	237042963	35	3718815	3
youtube.com	user/mnaccord	videos	200	410435398	87571868	237042963	28	3718815	3
youtube.com	/	watch	200	410435261	87571868	237042963	73	3718815	3
youtube.com	user/mnaccord	videos	200	410435555	87571868	237042963	8	3718815	3
youtube.com	user/mnaccord	videos	200	410435334	87571868	237042963	1	3718815	3
youtube.com	/	watch	200	410413908	87571868	237042963	93	3718815	3
youtube.com	/	watch	200	410426577	87571868	237042963	120	3718815	3
youtube.com	/	watch	200	410435335	87571868	237042963	63	3718815	3
youtube.com	/	watch	200	410423203	87571868	237042963	490	3718815	3
youtube.com	channel	UCFtc3XdXgLFwhlDajMGK69w	200	410477768	87571868	237042963	120	3718815	3
youtube.com	/	watch	200	410434970	87571868	237042963	153	3718815	3
facebook.com	/	clay.colburn.9	200	410416934	87571868	237042963	20	5713857	3
facebook.com	/	/	200	410417022	87571868	237042963	60	5713857	3
facebook.com	/	/	200	410413807	87571868	237042963	33	5713857	3
facebook.com	/	profile.php	200	410485776	87571868	237042963	5	8194001	3
facebook.com	/	profile.php	200	410427074	87571868	237042963	33	8194001	3
youtube.com	/	watch	200	410478676	87571868	237042963	75	7549991	3
youtube.com	/	watch	200	410478605	87571868	237042963	71	7549991	3
youtube.com	/	watch	200	410478751	87571868	237042963	36	7549991	3
youtube.com	/	watch	200	410478787	87571868	237042963	224	7549991	3
youtube.com	/	watch	200	410479011	87571868	237042963	56	7549991	3
youtube.com	/	watch	200	410479116	87571868	237042963	98	7549991	3
youtube.com	/	watch	200	410478419	87571868	237042963	186	7549991	3
youtube.com	/	watch	200	410477532	87571868	237042963	120	7549991	3
youtube.com	/	watch	200	410479067	87571868	237042963	49	7549991	3
facebook.com	/	hannah.duffett.3	200	410427016	87571868	237042963	11	8222324	3
facebook.com	awhitt9	photos	200	410485798	87571868	237042963	28	8222324	3
facebook.com	/	shay.duffett	200	410426958	87571868	237042963	5	8222324	3
facebook.com	ajax/pagelet/generic.php	MoreStoriesPagelet	200	410477459	87571868	237042963	73	14932183	3
facebook.com	ajax/pagelet/generic.php	MoreStoriesPagelet	200	410477256	87571868	237042963	8	14932183	3
facebook.com	ajax/pagelet/generic.php	MoreStoriesPagelet	200	410477394	87571868	237042963	65	14932183	3
facebook.com	ajax/pagelet/generic.php	MoreStoriesPagelet	200	410416853	87571868	237042963	13	14932183	3
facebook.com	ajax/pagelet/generic.php	MoreStoriesPagelet	200	410413840	87571868	237042963	26	14932183	3
facebook.com	ajax/pagelet/generic.php	MoreStoriesPagelet	200	410477264	87571868	237042963	58	14932183	3
facebook.com	ajax/pagelet/generic.php	MoreStoriesPagelet	200	410477322	87571868	237042963	72	14932183	3
facebook.com	mobile	/	200	410426977	87571868	237042963	39	8994905	3
facebook.com	mobile	/	200	410427027	87571868	237042963	4	8994905	3
facebook.com	/	darrian.xoxox	200	410427107	87571868	237042963	120	8222324	3
facebook.com	/	awhitt9	200	410485781	87571868	237042963	17	8222324	3
facebook.com	/	darrian.xoxox	200	410427057	87571868	237042963	17	8222324	3
youtube.com	/	/	200	410413866	87571868	237042963	42	6174440	3
facebook.com	/	/	200	410477225	87571868	237042963	31	6056310	3
facebook.com	/	/	200	410484216	87571868	237042963	14	6056310	3
facebook.com	/	/	200	410416614	87571868	237042963	6	6056310	3
facebook.com	/	/	200	410485765	87571868	237042963	11	6056310	3
facebook.com	/	/	200	410434018	87571868	237042963	14	6056310	5
facebook.com	/	/	200	410426886	87571868	237042963	16	6056310	3
facebook.com	/	/	302	410434015	87571868	237042963	3	6056310	3
facebook.com	/	/	200	410426831	87571868	237042963	55	6056310	5
facebook.com	/	/	200	410416818	87571868	237042963	35	6056310	3
facebook.com	/	/	200	410426976	87571868	237042963	1	6056310	3
facebook.com	mobile	/	200	410426902	87571868	237042963	56	5713857	3
facebook.com	/	clay.colburn.9	200	410413695	87571868	237042963	36	5713857	3
youtube.com	/	/	200	410420210	87571868	237042963	64	6174440	3
youtube.com	/	/	200	410434257	87571868	237042963	14	6174440	3
youtube.com	/	/	200	410414001	87571868	237042963	55	6174440	3
tumblr.com	/	likes	200	410419329	88495344	237571083	20	4499227	3
tumblr.com	dashboard/2	39361289782	200	410420183	88495344	237571083	30	4499227	3
tumblr.com	page	2	200	410418529	88495344	237571083	4	4499227	3
tumblr.com	/	dashboard	200	410417703	88495344	237571083	26	4499227	3
tumblr.com	unlike	NaxddLy9	200	410419349	88495344	237571083	13	4499227	3
tumblr.com	customize_api/blog	beensinkingallalong	200	410400892	88495344	237571083	9	4499227	3
tumblr.com	dashboard/2	39361414822	200	410420323	88495344	237571083	42	4499227	3
tumblr.com	page	7	200	410418583	88495344	237571083	16	4499227	3
tumblr.com	dashboard/5	39359402027	200	410418326	88495344	237571083	44	4499227	3
tumblr.com	page	3	200	410418533	88495344	237571083	21	4499227	3
tumblr.com	dashboard/3	39358593617	200	410417283	88495344	237571083	63	4499227	3
tumblr.com	dashboard/6	39359828023	200	410418860	88495344	237571083	16	4499227	3
tumblr.com	dashboard/3	39361943665	200	410420909	88495344	237571083	46	4499227	3
tumblr.com	/	/	302	410478262	88495344	237571083	3	4499227	3
tumblr.com	upload	image	200	410416990	88495344	237571083	196	4499227	3
tumblr.com	/	dashboard	200	410418143	88495344	237571083	5	4499227	3
tumblr.com	dashboard/4	39361260650	200	410420249	88495344	237571083	35	4499227	3
tumblr.com	dashboard/5	39358560589	200	410417365	88495344	237571083	54	4499227	3
tumblr.com	dashboard/4	39361590454	200	410420574	88495344	237571083	24	4499227	3
tumblr.com	/	/	200	410400336	88495344	237571083	10	4499227	3
tumblr.com	/	dashboard	200	410416943	88495344	237571083	21	4499227	3
tumblr.com	dashboard/2	39410791395	200	410478609	88495344	237571083	44	4499227	3
tumblr.com	like	htsEsACK	200	410418847	88495344	237571083	13	4499227	3
tumblr.com	dashboard/3	39410778980	200	410478653	88495344	237571083	17	4499227	3
tumblr.com	dashboard/3	39359879661	200	410418743	88495344	237571083	43	4499227	3
tumblr.com	/	dashboard	200	410420144	88495344	237571083	39	4499227	3
tumblr.com	blog	beensinkingallalong	200	410419734	88495344	237571083	59	4499227	3
tumblr.com	dashboard/2	39361244442	200	410420129	88495344	237571083	10	4499227	3
tumblr.com	audio_file/andnowiamnothing/38907484759	tumblr_lvk8q7Ani31qbpa6w	302	410418204	88495344	237571083	4	4499227	3
tumblr.com	dashboard/3	39410334467	200	410478397	88495344	237571083	46	4499227	3
tumblr.com	dashboard/5	39359843447	200	410418813	88495344	237571083	34	4499227	3
tumblr.com	dashboard/6	39358946000	200	410418008	88495344	237571083	39	4499227	3
tumblr.com	dashboard/5	39361336134	200	410420443	88495344	237571083	26	4499227	3
tumblr.com	/	dashboard	200	410418208	88495344	237571083	37	4499227	3
tumblr.com	/	dashboard	200	410418691	88495344	237571083	18	4499227	3
tumblr.com	blog	beensinkingallalong	200	410416964	88495344	237571083	25	4499227	3
tumblr.com	tagged	bizotch	200	410400666	88495344	237571083	9	4499227	3
tumblr.com	/	ask	200	410418123	88495344	237571083	20	4499227	3
tumblr.com	dashboard/3	39361611596	200	410420541	88495344	237571083	33	4499227	3
tumblr.com	/	/	200	410418190	88495344	237571083	14	4499227	3
tumblr.com	dashboard/4	39410756387	200	410478670	88495344	237571083	16	4499227	3
tumblr.com	/	dashboard	200	410418172	88495344	237571083	11	4499227	3
tumblr.com	/	inbox	200	410420139	88495344	237571083	1	4499227	3
tumblr.com	dashboard/5	39410289153	200	410478494	88495344	237571083	35	4499227	3
tumblr.com	dashboard/4	39359856637	200	410418786	88495344	237571083	27	4499227	3
tumblr.com	dashboard/3	39361377164	200	410420365	88495344	237571083	38	4499227	3
facebook.com	ajax/home	generic.php	200	410400064	88495344	237571083	19	4408844	3
facebook.com	ajax/home	generic.php	200	410418676	88495344	237571083	15	4408844	3
facebook.com	ajax/home	generic.php	200	410419528	88495344	237571083	12	4408844	3
facebook.com	ajax/home	generic.php	200	410419308	88495344	237571083	10	4408844	3
facebook.com	ajax/pagelet/generic.php	PhotoViewerInitPagelet	200	410417658	88495344	237571083	26	3927365	3
facebook.com	ajax/pagelet/generic.php	PhotoViewerPagelet	200	410401133	88495344	237571083	30	3927365	3
facebook.com	ajax/pagelet/generic.php	PhotoViewerInitPagelet	200	410401115	88495344	237571083	18	3927365	3
tumblr.com	dashboard/11	39359297062	200	410418657	88495344	237571083	19	4499227	3
tumblr.com	/	dashboard	200	410478566	88495344	237571083	43	4499227	3
tumblr.com	/	/	200	410400756	88495344	237571083	7	4499227	3
tumblr.com	dashboard/4	39358577637	200	410417346	88495344	237571083	19	4499227	3
tumblr.com	/	/	200	410418526	88495344	237571083	3	4499227	3
tumblr.com	dashboard/2	39361629399	200	410420516	88495344	237571083	7	4499227	3
tumblr.com	dashboard/10	39359317023	200	410418519	88495344	237571083	7	4499227	3
tumblr.com	dashboard/8	39359355390	200	410418396	88495344	237571083	106	4499227	3
tumblr.com	/	inbox	200	410416989	88495344	237571083	1	4499227	3
tumblr.com	dashboard/6	39359382807	200	410418370	88495344	237571083	15	4499227	3
tumblr.com	dashboard	10	200	410417527	88495344	237571083	76	4499227	3
tumblr.com	dashboard/2	39410363539	200	410478330	88495344	237571083	67	4499227	3
tumblr.com	customize	beensinkingallalong	200	410400763	88495344	237571083	45	4499227	3
tumblr.com	dashboard/5	39361576500	200	410420598	88495344	237571083	59	4499227	3
tumblr.com	customize_api/blog	beensinkingallalong	200	410400901	88495344	237571083	60	4499227	3
tumblr.com	dashboard/2	39358609862	200	410417229	88495344	237571083	54	4499227	3
tumblr.com	dashboard/2	39359026608	200	410417729	88495344	237571083	105	4499227	3
tumblr.com	dashboard/2	39359460666	200	410418245	88495344	237571083	17	4499227	3
tumblr.com	dashboard/7	39359811421	200	410418876	88495344	237571083	50	4499227	3
tumblr.com	page	4	200	410418619	88495344	237571083	38	4499227	3
tumblr.com	/	dashboard	200	410400983	88495344	237571083	26	4499227	3
tumblr.com	blog/beensinkingallalong	followers	200	410418183	88495344	237571083	7	4499227	3
tumblr.com	dashboard/7	39358917670	200	410418047	88495344	237571083	59	4499227	3
tumblr.com	dashboard/7	39358510298	200	410417456	88495344	237571083	31	4499227	3
tumblr.com	/	dashboard	200	410420284	88495344	237571083	39	4499227	3
facebook.com	/	kirsten.laskoskie	200	410420957	88495344	237571083	60	8222324	3
facebook.com	pages/Pop-punk	249132891769394	200	410419552	88495344	237571083	9	8222321	3
facebook.com	pages/Pop-punk	249132891769394	200	410419561	88495344	237571083	81	8222321	3
facebook.com	/	profile.php	200	410420955	88495344	237571083	2	8194001	3
facebook.com	/	/	200	410401009	88495344	237571083	17	6056310	3
facebook.com	/	/	200	410417603	88495344	237571083	22	6056310	3
facebook.com	/	/	200	410401163	88495344	237571083	6	5713857	3
facebook.com	/	slimshadywannabe	200	410401098	88495344	237571083	11	5713857	3
tumblr.com	page	4	200	410418565	88495344	237571083	18	4499227	3
tumblr.com	dashboard/2	39361962838	200	410420862	88495344	237571083	47	4499227	3
tumblr.com	dashboard/8	39358489377	200	410417487	88495344	237571083	40	4499227	3
tumblr.com	/	inbox	200	410400014	88495344	237571083	5	4499227	3
tumblr.com	/	dashboard	200	410478265	88495344	237571083	65	4499227	3
tumblr.com	reblog/39410260273	g6BoeL2K	200	410478548	88495344	237571083	11	4499227	3
tumblr.com	page	9	200	410418599	88495344	237571083	20	4499227	3
tumblr.com	/	dashboard	200	410420825	88495344	237571083	37	4499227	3
facebook.com	ajax/pagelet/generic.php	MoreStoriesPagelet	200	410400111	88495344	237571083	120	14932183	3
facebook.com	ajax/pagelet/generic.php	MoreStoriesPagelet	200	410417625	88495344	237571083	33	14932183	3
facebook.com	ajax/pagelet/generic.php	MoreStoriesPagelet	200	410419184	88495344	237571083	17	14932183	3
facebook.com	ajax/pagelet/generic.php	MoreStoriesPagelet	200	410419201	88495344	237571083	107	14932183	3
facebook.com	ajax/pagelet/generic.php	MoreStoriesPagelet	200	410400083	88495344	237571083	15	14932183	3
facebook.com	ajax/pagelet/generic.php	MoreStoriesPagelet	200	410401026	88495344	237571083	37	14932183	3
facebook.com	ajax/pagelet/generic.php	MoreStoriesPagelet	200	410417684	88495344	237571083	19	14932183	3
facebook.com	ajax/pagelet/generic.php	MoreStoriesPagelet	200	410401063	88495344	237571083	35	14932183	3
facebook.com	ajax/pagelet/generic.php	ProfileTimelineSectionPagelet	200	410401109	88495344	237571083	6	13704975	3
tumblr.com	dashboard/8	39359793997	200	410418926	88495344	237571083	27	4499227	3
tumblr.com	dashboard/2	39359885784	200	410418709	88495344	237571083	34	4499227	3
tumblr.com	/	dashboard	200	410400024	88495344	237571083	40	4499227	3
tumblr.com	dashboard/6	39361556727	200	410420657	88495344	237571083	79	4499227	3
tumblr.com	dashboard/4	39361360936	200	410420403	88495344	237571083	40	4499227	3
tumblr.com	/	dashboard	200	410420085	88495344	237571083	44	4499227	3
tumblr.com	/	dashboard	200	410417186	88495344	237571083	43	4499227	3
tumblr.com	dashboard/9	39359332090	200	410418502	88495344	237571083	17	4499227	3
tumblr.com	dashboard/6	39410269233	200	410478559	88495344	237571083	7	4499227	3
tumblr.com	dashboard/6	39358531738	200	410417419	88495344	237571083	37	4499227	3
tumblr.com	dashboard/6	39410715694	200	410478724	88495344	237571083	60	4499227	3
tumblr.com	upload	image	200	410420140	88495344	237571083	4	4499227	3
tumblr.com	/	dashboard	200	410420478	88495344	237571083	38	4499227	3
tumblr.com	customize	beensinkingallalong	200	410400346	88495344	237571083	223	4499227	3
tumblr.com	/	/	200	410418148	88495344	237571083	24	4499227	3
tumblr.com	dashboard/9	39359773762	200	410418953	88495344	237571083	42	4499227	3
tumblr.com	dashboard/3	39359009757	200	410417834	88495344	237571083	33	4499227	3
tumblr.com	blog	beensinkingallalong	200	410401169	88495344	237571083	60	4499227	3
tumblr.com	/	/	200	410400569	88495344	237571083	91	4499227	3
tumblr.com	dashboard/6	39361297718	200	410420469	88495344	237571083	9	4499227	3
tumblr.com	dashboard/5	39358971369	200	410417962	88495344	237571083	46	4499227	3
tumblr.com	/	/	200	410400961	88495344	237571083	22	4499227	3
tumblr.com	like	Hza66wdr	200	410420768	88495344	237571083	26	4499227	3
tumblr.com	dashboard/6	39410269233	200	410478529	88495344	237571083	19	4499227	3
tumblr.com	page	3	200	410418554	88495344	237571083	11	4499227	3
tumblr.com	dashboard/7	39359366856	200	410418385	88495344	237571083	11	4499227	3
tumblr.com	/	dashboard	200	410419318	88495344	237571083	11	4499227	3
tumblr.com	dashboard/5	39410734561	200	410478686	88495344	237571083	38	4499227	3
tumblr.com	dashboard/8	39361514671	200	410420794	88495344	237571083	31	4499227	3
tumblr.com	dashboard/3	39359442408	200	410418262	88495344	237571083	22	4499227	3
tumblr.com	/	dashboard	200	410419113	88495344	237571083	71	4499227	3
tumblr.com	/	/	200	410418995	88495344	237571083	118	4499227	3
tumblr.com	blog/beensinkingallalong	3	200	410400006	88495344	237571083	8	4499227	3
tumblr.com	dashboard/4	39410307738	200	410478443	88495344	237571083	51	4499227	3
tumblr.com	dashboard/7	39361541330	200	410420736	88495344	237571083	32	4499227	3
tumblr.com	blog	beensinkingallalong	200	410419958	88495344	237571083	21	4499227	3
tumblr.com	dashboard/3	39361276206	200	410420213	88495344	237571083	36	4499227	3
tumblr.com	upload	image	200	410400019	88495344	237571083	5	4499227	3
tumblr.com	dashboard/8	39358893851	200	410418106	88495344	237571083	17	4499227	3
tumblr.com	dashboard/4	39358990501	200	410417867	88495344	237571083	95	4499227	3
tumblr.com	blog	beensinkingallalong	200	410419850	88495344	237571083	54	4499227	3
tumblr.com	like	D0niovz1	200	410420523	88495344	237571083	18	4499227	3
tumblr.com	dashboard/4	39359416469	200	410418284	88495344	237571083	42	4499227	3
