amazon.com	Charlie-Great-Glass-Elevator-Roald/dp	0142410322	200	410409726	112163894	162013095	24	671065	3
charlotterusse.com	/	image	302	410401187	114436578	162052239	120	4619296	3
youtube.com	/	/	200	410432541	121274276	162361359	31	6174440	3
youtube.com	/	watch	200	410433208	121274276	162361359	61	3718815	3
youtube.com	/	watch	200	410432980	121274276	162361359	5	3718815	3
youtube.com	/	results	200	410433203	121274276	162361359	5	3718815	3
youtube.com	/	results	200	410432587	121274276	162361359	3	3718815	3
youtube.com	/	watch	200	410432985	121274276	162361359	68	3718815	3
youtube.com	/	results	200	410410154	121274276	162361359	5	3718815	3
youtube.com	/	watch	200	410433053	121274276	162361359	150	3718815	3
facebook.com	wheeloffortunegames	/	200	410482905	122442908	162396471	25	4761456	5
facebook.com	socialempires	index.php	200	410482006	122442908	162396471	29	4761456	5
facebook.com	wheeloffortunegames/page/adpromo	/	200	410483002	122442908	162396471	63	4761456	5
facebook.com	appcenter	my	200	410482888	122442908	162396471	17	3531701	5
youtube.com	/	/	200	410427487	126765031	162601767	19	6174440	3
youtube.com	/	results	200	410427506	126765031	162601767	5	3718815	3
youtube.com	/	watch	200	410427511	126765031	162601767	120	3718815	3
youtube.com	/	results	200	410484610	127155452	162620727	13	3718815	3
youtube.com	/	results	200	410484623	127155452	162620727	4	3718815	3
youtube.com	/	watch	200	410484631	127155452	162620727	120	3718815	3
youtube.com	/	results	200	410484975	127155452	162620727	7	3718815	3
youtube.com	/	watch	200	410483501	127155452	162620727	120	3718815	3
youtube.com	/	results	200	410484627	127155452	162620727	4	3718815	3
youtube.com	/	watch	200	410484982	127155452	162620727	120	6821014	3
youtube.com	/	/	200	410473096	122151505	162667263	18	6174440	3
youtube.com	/	results	200	410473123	122151505	162667263	6	3718815	3
youtube.com	/	watch	200	410473152	122151505	162667263	26	3718815	3
youtube.com	/	watch	200	410473437	122151505	162667263	4	3718815	3
facebook.com	ajax/home	generic.php	200	410466016	128403279	162672159	65	4408844	3
facebook.com	ajax/home	generic.php	200	410465990	128403279	162672159	7	4408844	3
facebook.com	ajax/pagelet/generic.php	MoreStoriesPagelet	200	410465997	128403279	162672159	19	14932183	3
amazon.com	gp/bit/apps/alexa/PING	ping?tagbase=bds-amzn&tbId=R4Arf13hlg00Ma&thirdpartyid=&plugin=amzng-2.2.2012.275	200	410467311	128403279	162672159	0	671065	3
amazon.com	gp/bit/toolbar	3.0	200	410467311	128403279	162672159	38	671065	3
facebook.com	/	login.php	200	410438347	130832135	162785247	4	12438930	5
facebook.com	dialog	plugin.optin	200	410438335	130832135	162785247	12	3927362	3
youtube.com	/	watch	200	410468215	130247595	162788751	120	3718815	3
youtube.com	/	watch	200	410468478	130247595	162788751	120	3718815	3
youtube.com	/	watch	200	410468069	130247595	162788751	58	3718815	3
youtube.com	/	results	200	410468462	130247595	162788751	16	3718815	3
youtube.com	/	results	200	410468048	130247595	162788751	21	3718815	3
youtube.com	/	watch	200	410468127	130247595	162788751	88	3718815	3
youtube.com	/	/	200	410468025	130247595	162788751	23	6174440	3
shopathome.com	/	framesetout.aspx	302	410472869	131387360	162801207	28	690542	3
facebook.com	/	/	200	410472958	127021526	162866511	26	6056310	3
facebook.com	/	/	200	410419295	127021526	162866511	13	6056310	3
youtube.com	/	/	200	410474775	127021526	162866511	35	6174440	3
facebook.com	ajax/home	generic.php	200	410419015	127021526	162866511	93	4408844	3
facebook.com	ajax/home	generic.php	200	410419108	127021526	162866511	90	4408844	3
facebook.com	ajax/home	generic.php	200	410419198	127021526	162866511	38	4408844	3
facebook.com	/	mobileprotection	200	410472954	127021526	162866511	4	3531701	3
facebook.com	/	index.php	200	410419370	127021526	162866511	10	3531701	5
facebook.com	/	index.php	302	410419361	127021526	162866511	9	3531701	3
youtube.com	/	watch	200	410412854	131865659	162889623	36	3718815	3
youtube.com	/	watch	200	410412681	131865659	162889623	173	3718815	3
youtube.com	/	watch	200	410412306	131865659	162889623	120	3718815	3
youtube.com	/	results	200	410412169	131865659	162889623	10	3718815	3
youtube.com	/	watch	200	410412260	131865659	162889623	42	3718815	3
youtube.com	/	watch	200	410412890	131865659	162889623	110	3718815	3
youtube.com	/	results	200	410412302	131865659	162889623	4	3718815	3
youtube.com	/	watch	200	410412179	131865659	162889623	81	3718815	3
youtube.com	/	watch	200	410413000	131865659	162889623	600	3718815	3
youtube.com	/	/	200	410434888	66781830	205409823	34	6174440	3
youtube.com	/	results	200	410435110	66781830	205409823	39	3718815	3
youtube.com	/	watch	200	410435149	66781830	205409823	26	3718815	3
youtube.com	/	results	200	410435034	66781830	205409823	76	3718815	3
youtube.com	/	watch	200	410436497	66947784	206317695	120	3718815	3
youtube.com	/	/	200	410432128	66947784	206317695	9	6174440	3
youtube.com	/	watch	200	410459142	66947784	206317695	120	7549991	3
youtube.com	/	watch	200	410457598	66947784	206317695	600	7549991	3
youtube.com	/	/	200	410483198	66947784	206317695	42	6174440	3
youtube.com	/	/	200	410457589	66947784	206317695	9	6174440	3
youtube.com	/	watch	200	410435155	66947784	206317695	252	3718815	3
youtube.com	/	watch	200	410437489	66947784	206317695	224	3718815	3
youtube.com	/	watch	200	410483253	66947784	206317695	330	3718815	3
youtube.com	/	results	200	410483240	66947784	206317695	13	3718815	3
youtube.com	/	watch	200	410438357	66947784	206317695	264	3718815	3
youtube.com	/	watch	200	410486003	66947784	206317695	214	3718815	3
youtube.com	/	watch	200	410438115	66947784	206317695	242	3718815	3
youtube.com	/	watch	200	410439762	66947784	206317695	290	3718815	3
youtube.com	/	watch	200	410440546	66947784	206317695	143	3718815	3
youtube.com	/	watch	200	410432912	66947784	206317695	600	3718815	3
youtube.com	/	watch	200	410432356	66947784	206317695	556	3718815	3
youtube.com	/	watch	200	410434632	66947784	206317695	187	3718815	3
youtube.com	/	watch	200	410436270	66947784	206317695	227	3718815	3
youtube.com	/	results	200	410432148	66947784	206317695	6	3718815	3
youtube.com	/	watch	200	410485412	66947784	206317695	376	3718815	3
youtube.com	/	results	200	410432137	66947784	206317695	11	3718815	3
youtube.com	/	watch	200	410440689	66947784	206317695	231	3718815	3
youtube.com	/	watch	200	410483877	66947784	206317695	600	3718815	3
youtube.com	/	watch	200	410435828	66947784	206317695	227	3718815	3
youtube.com	/	watch	200	410434819	66947784	206317695	336	3718815	3
youtube.com	/	watch	200	410437960	66947784	206317695	155	3718815	3
youtube.com	/	watch	200	410440052	66947784	206317695	494	3718815	3
youtube.com	/	watch	200	410439535	66947784	206317695	227	3718815	3
youtube.com	/	watch	200	410438621	66947784	206317695	306	3718815	3
youtube.com	/	watch	200	410439279	66947784	206317695	16	3718815	3
youtube.com	/	watch	200	410486217	66947784	206317695	60	3718815	3
youtube.com	/	watch	200	410438927	66947784	206317695	120	3718815	3
youtube.com	/	watch	200	410485110	66947784	206317695	302	3718815	3
youtube.com	/	watch	200	410432154	66947784	206317695	202	3718815	3
youtube.com	/	watch	200	410437713	66947784	206317695	27	3718815	3
youtube.com	/	watch	200	410485788	66947784	206317695	215	3718815	3
youtube.com	/	watch	200	410440920	66947784	206317695	60	3718815	3
youtube.com	/	watch	200	410436948	66947784	206317695	87	3718815	3
youtube.com	/	watch	200	410436055	66947784	206317695	215	3718815	3
youtube.com	/	watch	200	410437136	66947784	206317695	10	3718815	3
youtube.com	/	watch	200	410434366	66947784	206317695	266	3718815	3
youtube.com	/	watch	200	410483583	66947784	206317695	294	3718815	3
youtube.com	/	watch	200	410484846	66947784	206317695	264	3718815	3
youtube.com	/	watch	200	410435407	66947784	206317695	421	3718815	3
facebook.com	ajax/pagelet/generic.php	PhotoViewerInitPagelet	200	410448498	72181039	210527751	60	3927365	3
facebook.com	ajax/pagelet/generic.php	PhotoViewerInitPagelet	200	410400184	72181039	210527751	33	3927365	3
facebook.com	ajax/pagelet/generic.php	PhotoViewerInitPagelet	200	410404374	72181039	210527751	120	3927365	3
facebook.com	ajax/pagelet/generic.php	PhotoViewerPagelet	200	410400217	72181039	210527751	60	3927365	3
facebook.com	lydia.knickerbocker/posts	354767154621175	200	410448374	72181039	210527751	8	5713857	3
facebook.com	/	lydia.knickerbocker	200	410404551	72181039	210527751	1	5713857	3
facebook.com	/	/	200	410448392	72181039	210527751	46	5713857	3
facebook.com	/	lydia.knickerbocker	200	410448382	72181039	210527751	3	5713857	3
facebook.com	lydia.knickerbocker/posts	129193443909523	200	410448367	72181039	210527751	7	5713857	3
facebook.com	/	home.php	200	410448351	72181039	210527751	16	8045108	3
facebook.com	ajax/pagelet/generic.php	ProfileTimelineSectionPagelet	200	410404559	72181039	210527751	60	13704975	3
facebook.com	ajax/pagelet/generic.php	ProfileTimelineSectionPagelet	200	410448385	72181039	210527751	7	13704975	3
facebook.com	ajax/pagelet/generic.php	ProfileTimelineSectionPagelet	200	410404552	72181039	210527751	7	13704975	3
facebook.com	ajax/pagelet/generic.php	MoreStoriesPagelet	200	410404362	72181039	210527751	12	14932183	3
facebook.com	ajax/pagelet/generic.php	MoreStoriesPagelet	200	410448438	72181039	210527751	60	14932183	3
deviantart.com	/	/	200	410472853	77957000	217625223	120	906908	3
twitter.com	/	/	200	410416139	77957000	217625223	8	4272659	5
twitter.com	intent/tweet	complete	200	410418096	77957000	217625223	120	4272659	5
twitter.com	/	/	200	410416113	77957000	217625223	26	4272659	5
twitter.com	settings	profile	302	410417796	77957000	217625223	11	4272659	5
twitter.com	/	share	302	410418069	77957000	217625223	27	4272659	5
facebook.com	/	profile.php	200	410430286	77957000	217625223	5	8194001	3
facebook.com	/	profile.php	200	410430377	77957000	217625223	120	8194001	3
facebook.com	/	kimi.amend	200	410430291	77957000	217625223	86	8222324	3
deviantart.com	/	/	200	410473024	77957000	217625223	131	8923920	3
deviantart.com	manga	/	200	410473155	77957000	217625223	120	8923920	3
deviantart.com	/	/	200	410474027	77957000	217625223	69	8923920	3
youtube.com	/	/	200	410476944	77957000	217625223	120	6174440	3
youtube.com	/	/	200	410417827	77957000	217625223	25	6174440	3
facebook.com	/	/	200	410430666	77957000	217625223	35	5713857	3
facebook.com	/	/	200	410430197	77957000	217625223	89	5713857	3
facebook.com	messages	100003268059179	200	410429245	77957000	217625223	120	5713857	3
facebook.com	/	jennifer.pierce.73700	200	410430517	77957000	217625223	149	5713857	3
facebook.com	/	/	200	410470315	77957000	217625223	3	6056310	3
facebook.com	/	/	200	410416110	77957000	217625223	3	6056310	3
facebook.com	/	/	200	410416147	77957000	217625223	120	6056310	3
facebook.com	/	/	200	410470263	77957000	217625223	23	6056310	3
youtube.com	/	/	200	410405704	77957000	217625223	80	6174440	3
youtube.com	/	/	200	410470286	77957000	217625223	29	6174440	3
youtube.com	/	/	200	410470594	77957000	217625223	120	6174440	3
twitter.com	settings	profile	200	410417807	77957000	217625223	20	4272659	5
facebook.com	ajax/pagelet/generic.php	PhotoViewerInitPagelet	200	410430821	77957000	217625223	120	3927365	5
facebook.com	/	photo.php	200	410470370	77957000	217625223	12	3927365	3
gaiaonline.com	dailycandy/pretty	/	200	410482016	77957000	217625223	38	3307615	3
gaiaonline.com	/	/	200	410481269	77957000	217625223	451	3307615	3
facebook.com	/	bdaddaygambler	200	410417107	77957000	217625223	574	3531701	3
facebook.com	Darkcarol9/posts	578246035523869	200	410429115	77957000	217625223	120	3531701	3
facebook.com	media/set	/	200	410417681	77957000	217625223	76	3531701	3
facebook.com	Darkcarol9/posts	577963765552096	200	410416797	77957000	217625223	92	3531701	3
facebook.com	/	TheMortalInstruments	200	410416889	77957000	217625223	37	3531701	5
facebook.com	/	permalink.php	200	410416926	77957000	217625223	181	3531701	3
facebook.com	/	TheMortalInstruments	200	410430701	77957000	217625223	120	3531701	5
youtube.com	/	watch	200	410417893	77957000	217625223	169	3718815	3
youtube.com	/	watch	200	410480253	77957000	217625223	52	3718815	3
youtube.com	/	watch	200	410471117	77957000	217625223	197	3718815	3
youtube.com	feed	subscriptions	200	410470318	77957000	217625223	4	3718815	3
gaiaonline.com	newsroom	index.php	200	410480974	77957000	217625223	295	3307615	3
gaiaonline.com	dailycandy/pretty	/	200	410482308	77957000	217625223	39	3307615	3
deviantart.com	/	/	200	410473518	77957000	217625223	120	906908	3
gaiaonline.com	/	/	200	410480434	77957000	217625223	90	3307615	3
gaiaonline.com	/	/	200	410474096	77957000	217625223	60	3307615	3
gaiaonline.com	market	/	200	410481768	77957000	217625223	248	3307615	3
gaiaonline.com	auth/login	/	302	410480524	77957000	217625223	12	3307615	3
gaiaonline.com	world	/	200	410482347	77957000	217625223	60	3307615	3
gaiaonline.com	dailycandy/pretty	/	200	410481720	77957000	217625223	2	3307615	3
gaiaonline.com	news	/	200	410480578	77957000	217625223	256	3307615	3
gaiaonline.com	/	/	200	410480536	77957000	217625223	42	3307615	3
gaiaonline.com	forum/dev-notices/site-changes	t.63632027_788	200	410480834	77957000	217625223	140	3307615	3
gaiaonline.com	mygaia	/	200	410481722	77957000	217625223	20	3307615	3
gaiaonline.com	dailycandy/pretty	/	200	410481742	77957000	217625223	26	3307615	3
gaiaonline.com	forum	/	200	410482054	77957000	217625223	254	3307615	3
youtube.com	/	comments_ajax	204	410477514	77957000	217625223	600	3718815	3
youtube.com	feed/subscriptions	u	200	410470856	77957000	217625223	34	3718815	3
youtube.com	/	facebook_redirect	200	410418067	77957000	217625223	2	3718815	5
youtube.com	feed/subscriptions	u	200	410470322	77957000	217625223	48	3718815	3
youtube.com	/	watch	200	410471314	77957000	217625223	33	3718815	3
youtube.com	/	watch	200	410409591	77957000	217625223	600	3718815	3
youtube.com	/	watch	200	410405907	77957000	217625223	600	3718815	3
youtube.com	feed	subscriptions	200	410417852	77957000	217625223	23	3718815	3
youtube.com	/	watch	200	410471347	77957000	217625223	516	3718815	3
youtube.com	/	watch	200	410478477	77957000	217625223	600	3718815	3
facebook.com	ajax/pagelet/generic.php	PhotoViewerPagelet	200	410470382	77957000	217625223	11	3927365	3
facebook.com	ajax/pagelet/generic.php	PhotoViewerInitPagelet	200	410420923	77957000	217625223	85	3927365	3
facebook.com	ajax/pagelet/generic.php	PhotoViewerInitPagelet	200	410421359	77957000	217625223	60	3927365	3
facebook.com	ajax/pagelet/generic.php	PhotoViewerInitPagelet	200	410421008	77957000	217625223	312	3927365	3
facebook.com	ajax/pagelet/generic.php	PhotoViewerInitPagelet	200	410417757	77957000	217625223	39	3927365	3
facebook.com	ajax/pagelet/generic.php	PhotoViewerInitPagelet	200	410421320	77957000	217625223	39	3927365	3
youtube.com	feed	subscriptions	200	410470824	77957000	217625223	32	3718815	3
youtube.com	/	results	200	410411377	77957000	217625223	1	3718815	3
youtube.com	/	watch	200	410477484	77957000	217625223	30	3718815	3
youtube.com	/	watch	200	410471863	77957000	217625223	309	3718815	3
youtube.com	/	sharing_services	200	410418062	77957000	217625223	5	3718815	3
youtube.com	/	watch	200	410472172	77957000	217625223	99	3718815	3
youtube.com	/	watch	200	410470393	77957000	217625223	120	3718815	3
youtube.com	/	results	200	410480134	77957000	217625223	105	3718815	3
youtube.com	/	watch	200	410413326	77957000	217625223	60	3718815	3
youtube.com	/	watch	200	410470890	77957000	217625223	227	3718815	3
youtube.com	/	results	200	410480305	77957000	217625223	37	3718815	3
youtube.com	feed/subscriptions	u	200	410417875	77957000	217625223	18	3718815	3
youtube.com	/	watch	200	410411378	77957000	217625223	600	3718815	3
youtube.com	/	results	200	410480239	77957000	217625223	14	3718815	3
youtube.com	/	results	200	410480342	77957000	217625223	92	3718815	3
youtube.com	/	results	200	410405784	77957000	217625223	123	3718815	3
amazon.com	The-Gold-Rush-Criterion-Collection/dp	B007N5YJPC	200	410463664	77835487	220180551	13	671065	3
facebook.com	ajax/pagelet/generic.php	PhotoViewerInitPagelet	200	410466569	77835487	220180551	104	3927365	3
facebook.com	ajax/pagelet/generic.php	PhotoViewerInitPagelet	200	410466724	77835487	220180551	27	3927365	3
facebook.com	ajax/pagelet/generic.php	PhotoViewerInitPagelet	200	410466673	77835487	220180551	51	3927365	3
facebook.com	ajax/pagelet/generic.php	PhotoViewerInitPagelet	200	410466951	77835487	220180551	40	3927365	3
facebook.com	ajax/pagelet/generic.php	PhotoViewerInitPagelet	200	410466751	77835487	220180551	200	3927365	3
facebook.com	ajax/pagelet/generic.php	PhotoViewerInitPagelet	200	410461270	77835487	220180551	120	3927365	3
facebook.com	ajax/pagelet/generic.php	PhotoViewerInitPagelet	200	410466991	77835487	220180551	120	3927365	3
facebook.com	/	/	200	410468198	77835487	220180551	104	6056310	3
facebook.com	ajax/pagelet/generic.php	MoreStoriesPagelet	200	410460522	77835487	220180551	30	14932183	3
facebook.com	ajax/pagelet/generic.php	MoreStoriesPagelet	200	410460722	77835487	220180551	10	14932183	3
facebook.com	ajax/pagelet/generic.php	MoreStoriesPagelet	200	410460552	77835487	220180551	30	14932183	3
facebook.com	ajax/pagelet/generic.php	MoreStoriesPagelet	200	410460339	77835487	220180551	25	14932183	3
facebook.com	ajax/pagelet/generic.php	MoreStoriesPagelet	200	410460364	77835487	220180551	74	14932183	3
facebook.com	ajax/pagelet/generic.php	MoreStoriesPagelet	200	410460582	77835487	220180551	42	14932183	3
facebook.com	ajax/pagelet/generic.php	MoreStoriesPagelet	200	410460696	77835487	220180551	26	14932183	3
facebook.com	ajax/pagelet/generic.php	MoreStoriesPagelet	200	410460438	77835487	220180551	84	14932183	3
amazon.com	gp/product	handle-buy-box	200	410463677	77835487	220180551	9	671065	3
amazon.com	/	/	200	410462053	77835487	220180551	379	671065	3
amazon.com	/	s	200	410462432	77835487	220180551	600	671065	3
amazon.com	gp/cart	view.html	200	410463686	77835487	220180551	60	671065	3
facebook.com	ajax/pagelet/generic.php	MoreStoriesPagelet	200	410468302	77835487	220180551	120	14932183	3
facebook.com	ajax/pagelet/generic.php	MoreStoriesPagelet	200	410476216	84007711	231091479	120	14932183	3
facebook.com	/	/	200	410476124	84007711	231091479	9	6056310	5
facebook.com	/	/	200	410476133	84007711	231091479	74	6056310	3
facebook.com	/	/	302	410476123	84007711	231091479	1	6056310	3
youtube.com	/	watch	200	410410707	84007711	231091479	18	3718815	3
facebook.com	/	/	200	410476210	84007711	231091479	6	3531701	3
facebook.com	/	index.php	200	410476482	84007711	231091479	54	3531701	5
facebook.com	hungtsao/posts	2316690913684	200	410476207	84007711	231091479	3	3531701	3
facebook.com	ajax/home	generic.php	200	410476346	84007711	231091479	8	4408844	3
facebook.com	/	/	302	410478017	86377099	234149751	4	6056310	3
facebook.com	ajax/pagelet/generic.php	PhotoViewerPagelet	200	410461457	86778404	235699407	19	3927365	5
facebook.com	ajax/pagelet/generic.php	PhotoViewerInitPagelet	200	410425580	86778404	235699407	36	3927365	5
facebook.com	ajax/pagelet/generic.php	PhotoViewerPagelet	200	410461521	86778404	235699407	23	3927365	5
facebook.com	ajax/pagelet/generic.php	PhotoViewerInitPagelet	200	410461988	86778404	235699407	9	3927365	5
facebook.com	ajax/pagelet/generic.php	PhotoViewerInitPagelet	200	410426676	86778404	235699407	55	3927365	5
facebook.com	ajax/pagelet/generic.php	PhotoViewerInitPagelet	200	410461784	86778404	235699407	204	3927365	5
facebook.com	ajax/pagelet/generic.php	PhotoViewerPagelet	200	410426731	86778404	235699407	28	3927365	5
facebook.com	ajax/pagelet/generic.php	PhotoViewerPagelet	200	410427240	86778404	235699407	235	3927365	5
facebook.com	ajax/pagelet/generic.php	PhotoViewerPagelet	200	410461544	86778404	235699407	52	3927365	5
facebook.com	ajax/pagelet/generic.php	PhotoViewerPagelet	200	410425616	86778404	235699407	62	3927365	5
facebook.com	ajax/pagelet/generic.php	PhotoViewerPagelet	200	410461350	86778404	235699407	107	3927365	5
facebook.com	/	index.php	200	410425736	86778404	235699407	4	3531701	5
facebook.com	/	index.php	200	410427739	86778404	235699407	60	3531701	5
facebook.com	/	index.php	200	410462131	86778404	235699407	60	3531701	5
facebook.com	/	/	302	410460570	86778404	235699407	3	3531701	3
facebook.com	ajax/pagelet/generic.php	PhotoViewerInitPagelet	200	410427687	86778404	235699407	52	3927365	5
facebook.com	ajax/pagelet/generic.php	PhotoViewerInitPagelet	200	410461997	86778404	235699407	61	3927365	5
facebook.com	ajax/pagelet/generic.php	PhotoViewerPagelet	200	410461236	86778404	235699407	114	3927365	5
facebook.com	/	/	200	410426370	86778404	235699407	40	6056310	5
facebook.com	/	/	302	410426368	86778404	235699407	2	6056310	3
facebook.com	/	/	200	410425701	86778404	235699407	35	6056310	5
facebook.com	ajax/pagelet/generic.php	ProfileTimelineSectionPagelet	200	410426804	86778404	235699407	107	13704975	5
facebook.com	ajax/pagelet/generic.php	MoreStoriesPagelet	200	410426466	86778404	235699407	43	14932183	5
facebook.com	ajax/pagelet/generic.php	MoreStoriesPagelet	200	410424479	86778404	235699407	133	14932183	5
facebook.com	ajax/pagelet/generic.php	MoreStoriesPagelet	200	410425678	86778404	235699407	11	14932183	5
facebook.com	ajax/pagelet/generic.php	MoreStoriesPagelet	200	410425046	86778404	235699407	57	14932183	5
facebook.com	ajax/pagelet/generic.php	MoreStoriesPagelet	200	410424987	86778404	235699407	59	14932183	5
facebook.com	ajax/pagelet/generic.php	MoreStoriesPagelet	200	410462058	86778404	235699407	73	14932183	5
facebook.com	ajax/pagelet/generic.php	MoreStoriesPagelet	200	410461684	86778404	235699407	100	14932183	5
facebook.com	ajax/pagelet/generic.php	MoreStoriesPagelet	200	410425176	86778404	235699407	54	14932183	5
facebook.com	ajax/pagelet/generic.php	MoreStoriesPagelet	200	410425529	86778404	235699407	51	14932183	5
facebook.com	ajax/pagelet/generic.php	MoreStoriesPagelet	200	410425230	86778404	235699407	72	14932183	5
facebook.com	ajax/pagelet/generic.php	MoreStoriesPagelet	200	410425103	86778404	235699407	73	14932183	5
facebook.com	ajax/pagelet/generic.php	MoreStoriesPagelet	200	410424612	86778404	235699407	375	14932183	5
facebook.com	/	/	200	410424435	86778404	235699407	44	6056310	5
facebook.com	/	/	200	410460646	86778404	235699407	30	6056310	5
facebook.com	ajax/pagelet/generic.php	PhotoViewerPagelet	200	410460758	86778404	235699407	162	3927365	5
facebook.com	ajax/pagelet/generic.php	PhotoViewerInitPagelet	200	410426586	86778404	235699407	31	3927365	5
facebook.com	ajax/pagelet/generic.php	PhotoViewerPagelet	200	410460920	86778404	235699407	155	3927365	5
facebook.com	ajax/pagelet/generic.php	PhotoViewerPagelet	200	410426617	86778404	235699407	59	3927365	5
facebook.com	ajax/pagelet/generic.php	PhotoViewerPagelet	200	410427475	86778404	235699407	212	3927365	5
facebook.com	ajax/pagelet/generic.php	PhotoViewerInitPagelet	200	410460676	86778404	235699407	82	3927365	5
facebook.com	ajax/pagelet/generic.php	PhotoViewerInitPagelet	200	410427104	86778404	235699407	136	3927365	5
facebook.com	ajax/pagelet/generic.php	PhotoViewerInitPagelet	200	410461488	86778404	235699407	33	3927365	5
facebook.com	ajax/pagelet/generic.php	PhotoViewerPagelet	200	410461075	86778404	235699407	161	3927365	5
facebook.com	ajax/pagelet/generic.php	PhotoViewerInitPagelet	200	410425302	86778404	235699407	120	3927365	5
facebook.com	ajax/pagelet/generic.php	PhotoViewerInitPagelet	200	410427065	86778404	235699407	20	3927365	5
facebook.com	ajax/home	generic.php	200	410425689	86778404	235699407	12	4408844	5
facebook.com	/	denise.lapertosachrzanowski	200	410427085	86778404	235699407	19	5713857	5
facebook.com	/	/	200	410460573	86778404	235699407	73	6056310	5
facebook.com	/	/	200	410426410	86778404	235699407	28	6056310	5
facebook.com	/	denise.lapertosachrzanowski	200	410427033	86778404	235699407	32	5713857	5
facebook.com	/	heather.portelli	200	410426911	86778404	235699407	122	5713857	5
facebook.com	/	denise.lapertosachrzanowski	200	410426759	86778404	235699407	45	5713857	5
facebook.com	media/set	/	200	410426573	86778404	235699407	13	5713857	5
facebook.com	kellycallmemiss.wright	photos	200	410426561	86778404	235699407	12	5713857	5
facebook.com	/	princesam907	200	410461476	86778404	235699407	12	5713857	5
facebook.com	/	kellycallmemiss.wright	200	410426509	86778404	235699407	52	5713857	5
facebook.com	/	/	200	410461596	86778404	235699407	88	5713857	5
