facebook.com	BadLilTayTay	photos_stream	200	410411016	113982625	162355548	4	5713857	3
youtube.com	/	/	200	410473881	126259009	162586500	19	15276118	3
weeworld.com	home	checkme123456	200	410405819	126303068	162610284	5	3733053	3
weeworld.com	services/builderApi/ui/Builder.ashx/1	5994.html	200	410404458	126303068	162610284	0	11212929	3
youtube.com	/	/	200	410479558	128182894	162654468	34	6174440	5
youtube.com	/	watch	200	410483638	128182894	162654468	86	3718815	5
youtube.com	user	JustinBieberVEVO	200	410409990	128182894	162654468	46	3718815	5
youtube.com	/	watch	200	410481143	128182894	162654468	24	3718815	5
youtube.com	/	watch	200	410481048	128182894	162654468	23	3718815	5
youtube.com	/	/	200	410468472	127376409	162664812	7	6174440	3
weeworld.com	/	default.aspx	200	410465687	129811945	162789828	61	3733053	3
weeworld.com	home	vampire665	200	410466144	129811945	162789828	3	3733053	3
facebook.com	/	/	200	410482481	78644526	235012836	46	6056310	5
facebook.com	angela.crisp2/posts	4667929009191	200	410458273	78644526	235012836	39	5713857	5
facebook.com	messages	100000051642852	200	410404497	78644526	235012836	71	5713857	5
facebook.com	/	tyler.watts.7146	200	410482729	78644526	235012836	3	5713857	3
facebook.com	/	/	200	410404568	78644526	235012836	28	5713857	5
facebook.com	donna.falls3/posts	550722438289636	200	410484070	78644526	235012836	8	5713857	5
facebook.com	randy.smith.560/posts	500950869949699	200	410414370	78644526	235012836	25	5713857	5
facebook.com	ajax/pagelet/generic.php	MoreStoriesPagelet	200	410405119	78644526	235012836	20	14932183	5
facebook.com	ajax/pagelet/generic.php	MoreStoriesPagelet	200	410458144	78644526	235012836	31	14932183	5
facebook.com	ajax/pagelet/generic.php	GroupFeedPagelet	200	410458770	78644526	235012836	39	14394902	5
facebook.com	ajax/pagelet/generic.php	ProfileTimelineSectionPagelet	200	410485114	78644526	235012836	117	13704975	5
facebook.com	ajax/home	generic.php	200	410484369	78644526	235012836	265	14394902	5
facebook.com	ajax/pagelet/generic.php	MoreStoriesPagelet	200	410458005	78644526	235012836	89	14932183	5
shopathome.com	/	framesetout.aspx	302	410406813	78644526	235012836	12	690542	3
facebook.com	ajax/home	generic.php	200	410483284	78644526	235012836	9	4408844	3
facebook.com	/	index.php	200	410483240	78644526	235012836	6	3531701	5
gamefly.com	regoffer	start	302	410406696	78644526	235012836	6	1167019	3
facebook.com	ajax/pagelet/generic.php	PhotoViewerInitPagelet	200	410485347	78644526	235012836	96	3927365	5
facebook.com	ajax/pagelet/generic.php	PhotoViewerInitPagelet	200	410414491	78644526	235012836	28	3927365	5
facebook.com	login	identify	200	410484592	84552536	235035684	0	12438930	5
facebook.com	/	/	200	410429229	86771698	235135644	420	6056310	3
facebook.com	/	/	200	410420222	86771698	235135644	120	6056310	3
facebook.com	/	/	200	410429689	86771698	235135644	111	6056310	3
facebook.com	/	/	200	410423828	86771698	235135644	120	6056310	3
facebook.com	ajax/pagelet/generic.php	MoreStoriesPagelet	200	410407064	86771698	235135644	35	14932183	3
facebook.com	ajax/pagelet/generic.php	MoreStoriesPagelet	200	410408444	86771698	235135644	120	14932183	3
facebook.com	ajax/pagelet/generic.php	MoreStoriesPagelet	200	410427005	86771698	235135644	120	14932183	3
facebook.com	/	reenisha.riley	200	410405780	86771698	235135644	6	5713857	3
facebook.com	/	/	200	410406763	86771698	235135644	47	5713857	3
facebook.com	/	dennisjay21	200	410405445	86771698	235135644	10	5713857	3
facebook.com	messages	100000873181637	200	410408149	86771698	235135644	247	5713857	3
facebook.com	ajax/pagelet/generic.php	PhotoViewerInitPagelet	200	410406898	86771698	235135644	12	3927365	3
facebook.com	ajax/pagelet/generic.php	PhotoViewerPagelet	200	410406910	86771698	235135644	37	3927365	3
youtube.com	user	DrSpider1984	200	410461321	89430202	239105148	18	3718815	3
youtube.com	/	watch	200	410461469	89430202	239105148	98	3718815	3
youtube.com	/	/	200	410461567	89430202	239105148	24	6174440	3
youtube.com	/	results	200	410413113	89430202	239105148	19	3718815	3
amazon.com	ap	signin?_encoding=UTF8&accountStatusPolicy=P1&openid.assoc_handle=usflex&openid.claimed_id=http:	200	410402743	86220354	239155140	24	671065	5
