youtube.com	/	/	200	410404695	97545534	161305532	43	6174440	3
youtube.com	/	/	200	410404975	97545534	161305532	120	6174440	3
youtube.com	/	watch	200	410405214	97545534	161305532	54	3718815	3
youtube.com	/	watch	200	410404797	97545534	161305532	94	3718815	3
gaiaonline.com	marketplace/userstore/18942340/bid	/	200	410404370	97545534	161305532	183	3307615	3
gaiaonline.com	profiles/bloodlov3/18942340	/	200	410404553	97545534	161305532	9	3307615	3
gaiaonline.com	gaia	redirect.php	302	410405268	97545534	161305532	5	3307615	3
gaiaonline.com	mygaia	/	200	410404562	97545534	161305532	56	3307615	3
gaiaonline.com	auth	login	200	410404618	97545534	161305532	52	3307615	3
gaiaonline.com	/	marketplace	200	410405210	97545534	161305532	4	3307615	3
youtube.com	/	results	200	410405196	97545534	161305532	14	3718815	3
youtube.com	/	results	200	410404785	97545534	161305532	12	3718815	3
youtube.com	/	/	200	410471309	106901745	161409596	6	15276118	3
youtube.com	/	watch	200	410471286	106901745	161409596	8	7550008	3
youtube.com	/	watch	200	410471280	106901745	161409596	6	7550008	3
youtube.com	/	watch	200	410471294	106901745	161409596	3	3718815	3
youtube.com	/	watch	200	410471269	106901745	161409596	3	3718815	3
youtube.com	/	watch	200	410471297	106901745	161409596	3	3718815	3
youtube.com	/	watch	200	410471315	106901745	161409596	542	3718815	3
youtube.com	/	watch	200	410471264	106901745	161409596	5	3718815	3
youtube.com	/	watch	200	410471276	106901745	161409596	4	3718815	3
youtube.com	/	watch	200	410471272	106901745	161409596	4	3718815	3
youtube.com	/	watch	200	410471187	106901745	161409596	17	3718815	3
youtube.com	/	/	200	410483969	105982013	162120620	32	6174440	3
youtube.com	/	/	200	410484417	105982013	162120620	67	6174440	3
youtube.com	/	watch	200	410484625	105982013	162120620	7	3718815	3
youtube.com	/	results	200	410484001	105982013	162120620	22	3718815	3
youtube.com	/	watch	200	410484085	105982013	162120620	54	3718815	3
youtube.com	/	results	200	410484583	105982013	162120620	19	3718815	3
youtube.com	/	results	200	410484071	105982013	162120620	14	3718815	3
youtube.com	/	watch	200	410484653	105982013	162120620	169	3718815	3
youtube.com	/	watch	200	410484632	105982013	162120620	21	3718815	3
youtube.com	/	watch	200	410484619	105982013	162120620	6	3718815	3
youtube.com	/	watch	200	410484822	105982013	162120620	61	3718815	3
youtube.com	/	watch	200	410484570	105982013	162120620	13	3718815	3
youtube.com	/	watch	200	410484602	105982013	162120620	17	3718815	3
youtube.com	/	results	200	410484023	105982013	162120620	48	3718815	3
youtube.com	/	watch	200	410484139	105982013	162120620	79	3718815	3
amazon.com	gp/bit/toolbar	3.0	200	410425290	118209199	162216116	1	671065	3
amazon.com	gp/bit/apps/alexa/PING	ping?tagbase=bds-p14&tbId=oSSTg1y17q000j&thirdpartyid=&plugin=amzng-2.2.2012.272	200	410425291	118209199	162216116	120	671065	3
amazon.com	gp/bit/toolbar	3.0	200	410409906	118209199	162216116	120	671065	3
amazon.com	gp/bit/apps/alexa/PING	ping?tagbase=bds-p14&tbId=oSSTg1y17q000j&thirdpartyid=&plugin=amzng-2.2.2012.272	200	410409906	118209199	162216116	0	671065	3
youtube.com	/	results	200	410427898	120445685	162306260	18	3718815	3
youtube.com	/	results	200	410428188	120445685	162306260	5	3718815	3
youtube.com	/	watch	200	410428193	120445685	162306260	600	3718815	3
youtube.com	/	watch	200	410427916	120445685	162306260	12	3718815	3
youtube.com	/	/	200	410407562	122272162	162396452	25	6174440	3
youtube.com	/	watch	200	410407641	122272162	162396452	600	3718815	3
youtube.com	/	results	200	410407587	122272162	162396452	50	3718815	3
youtube.com	/	results	200	410407637	122272162	162396452	4	3718815	3
weeworld.com	/	/	200	410402570	121312693	162627620	54	3733053	3
walmart.com	search	search-ng.do	200	410485958	121312693	162627620	15	689423	3
target.com	store-locator	prescription-find-pharmacy	200	410468550	131042404	162784052	60	689378	3
facebook.com	ajax/pagelet/generic.php	MoreStoriesPagelet	200	410430614	131504783	162800012	27	14932183	3
facebook.com	ajax/home	generic.php	200	410430641	131504783	162800012	14	4408844	3
facebook.com	ajax/home	generic.php	200	410430902	131504783	162800012	60	4408844	3
facebook.com	ajax/home	generic.php	200	410430591	131504783	162800012	23	4408844	3
target.com	s	draw cartoon characters	200	410413073	132162573	162836012	41	689378	3
youtube.com	/	/	200	410447543	130243661	162839660	5	6174440	3
youtube.com	/	watch	200	410447548	130243661	162839660	120	3718815	3
walmart.com	/	/	200	410419901	133142069	162877676	25	6165126	3
walmart.com	search	search-ng.do	200	410420165	133142069	162877676	51	689423	3
walmart.com	cservice	cu_comments_online.gsp	200	410419437	133142069	162877676	121	689423	3
walmart.com	app/answers/detail/a_id	7	200	410419427	133142069	162877676	3	689423	3
walmart.com	search	search-ng.do	200	410419926	133142069	162877676	95	689423	3
walmart.com	search	search-ng.do	200	410419605	133142069	162877676	29	689423	3
walmart.com	search	search-ng.do	200	410420216	133142069	162877676	84	689423	3
walmart.com	cservice	cu_comments_online.gsp	200	410419390	133142069	162877676	37	689423	3
walmart.com	search	search-ng.do	200	410419558	133142069	162877676	39	689423	3
walmart.com	ci/ajaxRequestOptional/checkChatQueue/session	L2F2LzEvdGltZS8xMzU3MDE3ODI1L3NpZC9XdW5WUGFmbA==	200	410419430	133142069	162877676	7	689423	3
walmart.com	search	search-ng.do	200	410420021	133142069	162877676	79	689423	3
walmart.com	search	search-ng.do	200	410420100	133142069	162877676	65	689423	3
youtube.com	/	results	200	410470576	72662301	211476836	75	3718815	5
youtube.com	/	results	200	410471719	72662301	211476836	16	3718815	5
youtube.com	/	watch	200	410471735	72662301	211476836	120	3718815	5
youtube.com	/	/	200	410470527	72662301	211476836	49	3718815	5
youtube.com	/	watch	200	410470651	72662301	211476836	65	3718815	5
youtube.com	/	watch	200	410470716	72662301	211476836	120	3718815	5
youtube.com	/	/	200	410471677	72662301	211476836	42	15276118	5
facebook.com	/	/	200	410449221	81466247	223109012	120	6056310	5
facebook.com	/	/	200	410485769	81466247	223109012	80	6056310	3
facebook.com	doubledowncasino	/	200	410441326	81466247	223109012	5	4761456	3
facebook.com	doubledowncasino	/	200	410416370	81466247	223109012	3	4761456	3
facebook.com	mesmogames	/	200	410414044	81466247	223109012	60	4761456	3
facebook.com	doubledowncasino	/	200	410485849	81466247	223109012	8	4761456	3
facebook.com	/	login.php	302	410441215	81466247	223109012	2	8045418	3
facebook.com	/	login.php	200	410441217	81466247	223109012	109	8045418	5
facebook.com	ajax/pagelet/generic.php	MoreStoriesPagelet	200	410413633	81466247	223109012	55	14932183	3
facebook.com	ajax/pagelet/generic.php	MoreStoriesPagelet	200	410413544	81466247	223109012	89	14932183	3
facebook.com	ajax/pagelet/generic.php	MoreStoriesPagelet	200	410416352	81466247	223109012	18	14932183	3
facebook.com	ajax/pagelet/generic.php	MoreStoriesPagelet	200	410413823	81466247	223109012	50	14932183	3
facebook.com	ajax/pagelet/generic.php	MoreStoriesPagelet	200	410413748	81466247	223109012	75	14932183	3
facebook.com	ajax/pagelet/generic.php	MoreStoriesPagelet	200	410413688	81466247	223109012	60	14932183	3
facebook.com	ajax/pagelet/generic.php	MoreStoriesPagelet	200	410413873	81466247	223109012	120	14932183	3
facebook.com	ajax/pagelet/generic.php	MoreStoriesPagelet	200	410413427	81466247	223109012	117	14932183	3
facebook.com	mesmogames	/	200	410486090	81466247	223109012	60	4761456	3
facebook.com	/	index.php	200	410449195	81466247	223109012	26	3531701	5
facebook.com	/	/	200	410416301	81466247	223109012	51	3531701	3
facebook.com	/	/	200	410486020	81466247	223109012	70	3531701	3
facebook.com	/	/	200	410416445	81466247	223109012	120	3531701	3
youtube.com	/	watch	200	410421117	87432080	237128060	120	7550015	3
facebook.com	/	/	200	410419513	87432080	237128060	43	5713857	3
facebook.com	zak.ingle/posts	401217996627679	200	410419495	87432080	237128060	18	5713857	3
youtube.com	/	watch	200	410420621	87432080	237128060	120	3718815	3
youtube.com	/	watch	200	410421424	87432080	237128060	60	3718815	3
youtube.com	/	watch	200	410421241	87432080	237128060	183	3718815	3
facebook.com	/	home.php	200	410419413	87432080	237128060	82	8045108	3
