facebook.com	/	/	302	410460619	126701802	162600865	60	6056310	3
youtube.com	/	results	200	410408823	127523719	162639505	9	3718815	3
youtube.com	/	watch	200	410406246	121630976	162719641	9	3718815	3
youtube.com	/	results	200	410468395	131855494	162831481	13	3718815	3
facebook.com	ajax/pagelet/generic.php	ProfileTimelineSectionPagelet	200	410403431	77905778	217537897	5	13704975	3
facebook.com	ajax/pagelet/generic.php	PhotoViewerInitPagelet	200	410404155	77905778	217537897	9	3927365	3
facebook.com	ajax/pagelet/generic.php	PhotoViewerInitPagelet	200	410404210	77905778	217537897	5	3927365	3
facebook.com	/	anahis.murrieta	200	410404134	77905778	217537897	6	3927365	3
facebook.com	qbquiz-kjv	/	302	410459143	78535397	219183337	5	4761456	3
facebook.com	avengersalliance	/	200	410476797	78535397	219183337	327	14993494	5
facebook.com	avengersalliance	/	200	410477124	78535397	219183337	114	14993494	5
facebook.com	avengersalliance	/	200	410477992	78535397	219183337	60	14993494	5
facebook.com	appcenter	thefeud	200	410457910	78535397	219183337	5	3531701	3
facebook.com	/	raymond.p.miles	200	410456899	73560033	220032361	44	5713857	5
facebook.com	/	home.php	200	410429422	80557168	221563633	7	8045108	3
facebook.com	ajax/pagelet/generic.php	MoreStoriesPagelet	200	410429464	80557168	221563633	32	14932183	3
coupons.com	coupons	/	200	410460183	59942064	222065425	245	724074	3
coupons.com	print	/	200	410461947	59942064	222065425	0	724074	3
coupons.com	local-offers	/	200	410460171	59942064	222065425	12	724074	3
coupons.com	local-offers	/	200	410460018	59942064	222065425	30	724074	3
coupons.com	couponweb	Offers.aspx	200	410462262	59942064	222065425	131	724074	3
coupons.com	coupons	/	200	410459998	59942064	222065425	14	724074	3
coupons.com	print	/	200	410461478	59942064	222065425	1	724074	3
coupons.com	print	thankyou	200	410460691	59942064	222065425	23	724074	3
coupons.com	couponweb	Print.aspx	302	410462496	59942064	222065425	4	724074	3
redplum.com	/	coupons.aspx	200	410463071	59942064	222065425	40	4866418	3
coupons.com	/	enable.asp	302	410463456	59942064	222065425	6	3070315	3
facebook.com	ajax/pagelet/generic.php	MoreStoriesPagelet	200	410477676	77975283	224591089	69	14932183	3
facebook.com	ajax/pagelet/generic.php	MoreStoriesPagelet	200	410477581	77975283	224591089	95	14932183	3
facebook.com	ajax/pagelet/generic.php	PhotoViewerInitPagelet	200	410463415	78168863	230043913	10	3927365	3
facebook.com	ajax/pagelet/generic.php	PhotoViewerPagelet	200	410463425	78168863	230043913	21	3927365	3
youtube.com	/	/	200	410468964	78168863	230043913	9	6174440	3
cabelas.com	catalog/browse/_	N-1100760	200	410475881	78168863	230043913	6	690044	3
facebook.com	/	luca.puleo.37	200	410463655	78168863	230043913	4	3531701	3
facebook.com	ajax/pagelet/generic.php	MoreStoriesPagelet	200	410469766	73636197	230653897	53	14932183	5
facebook.com	dialog	apprequests	200	410467098	73636197	230653897	127	3531701	5
facebook.com	KHardison2010/posts	4167739993550	200	410414581	73636197	230653897	30	3531701	5
facebook.com	/	/	200	410452662	73636197	230653897	21	3531701	5
facebook.com	/	sandy.s.orourke	200	410412602	73636197	230653897	70	5713857	5
facebook.com	ajax/pagelet/generic.php	PhotoViewerPagelet	200	410453226	73636197	230653897	48	3927365	5
facebook.com	ajax/home	generic.php	200	410452816	73636197	230653897	66	4408844	5
facebook.com	/	teddy.anderson.777	200	410469819	73636197	230653897	43	5713857	5
facebook.com	/	roxanne.broadaway	200	410452882	73636197	230653897	91	5713857	5
facebook.com	/	julie.tripp.777	200	410456688	73636197	230653897	73	5713857	5
facebook.com	ajax/pagelet/generic.php	MoreStoriesPagelet	200	410482120	69565115	234634153	60	14932183	5
facebook.com	/	/	200	410464537	69565115	234634153	13	3531701	5
facebook.com	luckyslotsgame	/	200	410464403	69565115	234634153	6	4761456	5
facebook.com	/	home.php	302	410480507	69565115	234634153	9	8045108	3
facebook.com	ajax/pagelet/generic.php	PhotoViewerInitPagelet	200	410402022	87546395	237028393	60	3927365	5
facebook.com	ajax/pagelet/generic.php	MoreStoriesPagelet	200	410403903	87546395	237028393	10	14932183	5
youtube.com	/	results	200	410464197	88126417	237157537	24	3718815	3
youtube.com	/	watch	200	410462008	88126417	237157537	120	6928214	3
youtube.com	/	watch	200	410461209	88126417	237157537	120	6821014	3
youtube.com	/	results	200	410460273	88126417	237157537	0	3718815	3
youtube.com	/	results	200	410463203	88126417	237157537	26	3718815	3
