facebook.com	rescue_party	/	200	410464224	93904250	161144935	4	4761456	5
youtube.com	/	watch	200	410481788	104734659	161386783	25	3718815	3
amazon.com	/	s	200	410473851	119721742	162275527	12	671065	3
facebook.com	recover	initiate	302	410470198	126312789	162586975	1	3531701	3
facebook.com	login	identify	200	410470199	126312789	162586975	120	12438930	5
youtube.com	/	/	200	410418932	128898444	162691087	15	6174440	3
youtube.com	user/bennyrodriguez2829	videos	200	410406775	124184724	162781663	2	3718815	3
facebook.com	/	/	200	410472783	63567753	205295743	29	6056310	5
youtube.com	/	/	200	410475539	63567753	205295743	120	6174440	3
facebook.com	/	/	200	410416635	63567753	205295743	600	6056310	5
facebook.com	messages	100003923394587	200	410409212	63567753	205295743	120	5713857	5
youtube.com	/	watch	200	410416579	63567753	205295743	5	7550015	3
walmart.com	cp/toys	4171	200	410404662	63567753	205295743	24	3510441	3
facebook.com	ajax/pagelet/generic.php	PhotoViewerPagelet	200	410409848	63567753	205295743	144	3927365	3
facebook.com	ajax/pagelet/generic.php	PhotoViewerInitPagelet	200	410408901	63567753	205295743	54	3927365	5
facebook.com	ajax/pagelet/generic.php	PhotoViewerPagelet	200	410410470	63567753	205295743	41	3927365	3
facebook.com	/	/	200	410409683	63567753	205295743	34	3531701	3
facebook.com	pages/Disney-logic	142446702564549	200	410411504	63567753	205295743	5	3531701	5
youtube.com	/	results	200	410415574	63567753	205295743	26	3718815	3
facebook.com	ajax/pagelet/generic.php	PhotoViewerPagelet	200	410414836	63567753	205295743	120	3927365	3
youtube.com	/	watch	200	410475370	63567753	205295743	8	3718815	3
youtube.com	/	watch	200	410462756	63567753	205295743	150	3718815	3
facebook.com	ajax/pagelet/generic.php	MoreStoriesPagelet	200	410484546	17151161	206461639	17	14932183	5
pinterest.com	all	/	200	410402765	17151161	206461639	47	9768885	3
pinterest.com	all	/	200	410400436	17151161	206461639	15	9768885	3
target.com	sb/christmas/-	SearchNavigationView	200	410410163	17151161	206461639	63	689378	3
target.com	sb/christmas/-	SearchNavigationView	200	410410156	17151161	206461639	7	689378	3
target.com	/	FiatsCmd	200	410484975	17151161	206461639	19	689378	3
facebook.com	Ali.Abdinoor2/posts	452133911512700	200	410482785	75773086	215221903	49	5713857	5
facebook.com	appcenter	requests	200	410459956	82823788	224546191	7	5713857	5
facebook.com	/	/	200	410456802	82823788	224546191	21	6056310	3
facebook.com	farmville-two	viral.php	200	410459920	82823788	224546191	26	15868848	5
facebook.com	/	/	200	410457323	82823788	224546191	120	3531701	3
facebook.com	/	index.php	200	410459901	82823788	224546191	9	3531701	5
facebook.com	/	index.php	200	410456775	82823788	224546191	27	3531701	5
facebook.com	onthefarm	/	200	410481147	64054676	230048071	14	7212428	5
facebook.com	dialog	apprequests	200	410481577	64054676	230048071	5	3531701	5
amazon.com	gp/performance	shared	200	410484113	79234781	230695831	120	671065	3
tagged.com	/	home.html	200	410433036	81529527	231617119	60	9089132	3
tagged.com	/	home.html	200	410428777	81529527	231617119	31	9089132	3
tagged.com	/	photo_view.html	200	410428928	81529527	231617119	120	9089132	3
facebook.com	reina.williams1/posts	395083733908270	200	410411516	84552156	231720199	23	5713857	3
facebook.com	/	/	200	410418958	84552156	231720199	52	5713857	3
facebook.com	kayla.mcduffie.14	photos_stream	200	410411547	84552156	231720199	144	5713857	3
facebook.com	/	/	200	410423017	84552156	231720199	21	5713857	3
facebook.com	/	SwagFluShawty	200	410414174	84552156	231720199	2	5713857	3
facebook.com	Jaeeeex3	info	200	410414652	84552156	231720199	7	5713857	3
facebook.com	/	eazy.collier	200	410426258	84552156	231720199	5	5713857	3
facebook.com	ajax/pagelet/generic.php	ProfileTimelineSectionPagelet	200	410422616	84552156	231720199	5	13704975	3
facebook.com	ajax/pagelet/generic.php	ProfileTimelineSectionPagelet	200	410422459	84552156	231720199	92	13704975	3
facebook.com	ajax/pagelet/generic.php	ProfileTimelineSectionPagelet	200	410414217	84552156	231720199	4	13704975	3
facebook.com	ajax/pagelet/generic.php	PhotoViewerInitPagelet	200	410412923	84552156	231720199	7	3927365	3
facebook.com	ajax/pagelet/generic.php	PhotoViewerInitPagelet	200	410422625	84552156	231720199	9	3927365	3
facebook.com	/	index.php	200	410426289	84552156	231720199	60	3531701	5
facebook.com	/	index.php	200	410413397	84552156	231720199	7	3531701	5
facebook.com	/	DeezyiiMontanna	200	410422703	84552156	231720199	62	3531701	3
youtube.com	/	watch	200	410421170	84552156	231720199	120	3718815	3
facebook.com	ajax/pagelet/generic.php	PhotoViewerInitPagelet	200	410411747	84552156	231720199	120	3927365	3
facebook.com	ajax/pagelet/generic.php	PhotoViewerInitPagelet	200	410420318	84552156	231720199	15	3927365	3
facebook.com	ajax/pagelet/generic.php	PhotoViewerInitPagelet	200	410413164	84552156	231720199	120	3927365	3
facebook.com	ajax/pagelet/generic.php	PhotoViewerPagelet	200	410414621	84552156	231720199	8	3927365	3
facebook.com	ajax/pagelet/generic.php	PhotoViewerInitPagelet	200	410414730	84552156	231720199	8	3927365	3
facebook.com	ajax/pagelet/generic.php	PhotoViewerPagelet	200	410419324	84552156	231720199	44	3927365	3
facebook.com	ajax/pagelet/generic.php	PhotoViewerPagelet	200	410426277	84552156	231720199	12	3927365	3
facebook.com	media/set	/	200	410473341	75652253	233047735	8	5713857	3
facebook.com	/	/	302	410472813	75652253	233047735	12	6056310	3
facebook.com	ajax/pagelet/generic.php	PhotoViewerPagelet	200	410475348	75652253	233047735	38	3927365	3
facebook.com	ajax/pagelet/generic.php	PhotoViewerInitPagelet	200	410475149	75652253	233047735	19	3927365	3
pinterest.com	LaurasLeftHook/calendar-pieces	/	200	410477394	75652253	233047735	26	9768885	3
facebook.com	ajax/pagelet/generic.php	MoreStoriesPagelet	200	410474209	75652253	233047735	9	14932183	3
facebook.com	ajax/pagelet/generic.php	MoreStoriesPagelet	200	410473280	75652253	233047735	47	14932183	3
facebook.com	ajax/pagelet/generic.php	PhotoViewerPagelet	200	410473387	75652253	233047735	88	3927365	3
facebook.com	petrescuesaga	/	200	410407320	85340973	233117887	120	4761456	5
facebook.com	/	home.php	200	410406930	85340973	233117887	7	8045108	3
facebook.com	/	/	302	410450311	85340973	233117887	11	6056310	3
facebook.com	/	/	302	410476510	85340973	233117887	12	6056310	3
facebook.com	/	home.php	200	410476814	86066146	233655031	46	8045108	3
facebook.com	ajax/pagelet/generic.php	MoreStoriesPagelet	200	410482189	86066146	233655031	44	14932183	3
facebook.com	ajax/pagelet/generic.php	MoreStoriesPagelet	200	410405773	86066146	233655031	14	14932183	3
facebook.com	/	/	200	410448858	86066146	233655031	12	3531701	3
facebook.com	/	/	200	410403833	86066146	233655031	34	3531701	3
facebook.com	/	/	200	410478412	86066146	233655031	6	3531701	3
facebook.com	/	/	200	410461446	86066146	233655031	5	3531701	3
facebook.com	/	/	200	410461396	86066146	233655031	23	3531701	3
facebook.com	ajax/home	generic.php	200	410461451	86066146	233655031	120	4408844	3
facebook.com	luckyslotsgame	/	200	410426492	86066146	233655031	1	4761456	3
facebook.com	doubledowncasino	/	200	410478745	86066146	233655031	120	4761456	3
facebook.com	hollywood_slots	/	200	410406220	86066146	233655031	4	4761456	3
facebook.com	media/set	/	200	410405699	86066146	233655031	4	5713857	3
facebook.com	/	janette.jones.988	200	410405643	86066146	233655031	21	5713857	3
youtube.com	/	watch	200	410460262	85689090	233688031	317	3718815	3
youtube.com	/	results	200	410448864	85689090	233688031	14	3718815	3
youtube.com	/	watch	200	410450044	85689090	233688031	600	3718815	3
youtube.com	/	watch	200	410452938	85689090	233688031	18	3718815	3
youtube.com	/	watch	200	410448781	85689090	233688031	83	3718815	3
youtube.com	/	watch	200	410451671	85689090	233688031	600	3718815	3
youtube.com	/	results	200	410453187	85689090	233688031	5	3718815	3
youtube.com	/	watch	200	410449178	85689090	233688031	70	3718815	3
facebook.com	/	/	200	410425413	87156013	235698871	369	8047962	3
facebook.com	/	/	200	410425783	87156013	235698871	28	8047962	5
facebook.com	/	/	200	410426375	87156013	235698871	7	5713857	3
facebook.com	/	2835integrity	200	410434521	87156013	235698871	2	3531701	3
facebook.com	ajax/home	generic.php	200	410428497	87156013	235698871	60	4408844	3
