target.com	p/our-generation-home-accessory-slipper-tub-with-bath-body-set/-	A-14051093	200	410467900	111689909	161612537	35	689378	3
youtube.com	/	/	200	410472560	132289954	162834953	31	6174440	3
youtube.com	/	watch	200	410425865	46854608	201458417	13	3718815	3
youtube.com	/	watch	200	410444283	46854608	201458417	17	3718815	3
youtube.com	/	watch	200	410445094	46854608	201458417	11	3718815	3
amazon.com	gp	prime	200	410438844	46854608	201458417	94	9775894	3
facebook.com	/	/	302	410418693	46854608	201458417	120	6056310	3
amazon.com	Motorola-DROID-Android-Verizon-Wireless/dp	B005AXWRIA	200	410439010	46854608	201458417	110	671065	3
amazon.com	gp/product	B005AXWRIA	200	410438086	46854608	201458417	41	671065	3
amazon.com	Motorola-DROID-Android-Verizon-Wireless/product-reviews	B005AXWRIA	200	410438957	46854608	201458417	53	671065	3
youtube.com	/	watch	200	410444010	46854608	201458417	154	3718815	3
youtube.com	/	results	200	410441283	46854608	201458417	81	3718815	3
facebook.com	media/set	/	200	410406929	65514688	217083401	2	5713857	5
facebook.com	ajax/pagelet/generic.php	TimelinePhotosStreamPagelet	200	410407066	65514688	217083401	7	5713857	5
facebook.com	/	andrew.martinez.792	200	410401996	65514688	217083401	8	5713857	3
facebook.com	jbellnamy/posts	454237397976410	200	410405808	65514688	217083401	15	5713857	5
facebook.com	jbellnamy/posts	454237397976410	200	410405971	65514688	217083401	26	5713857	5
facebook.com	ajax/pagelet/generic.php	ProfileTimelineSectionPagelet	200	410404396	65514688	217083401	8	13704975	5
facebook.com	jbellnamy/posts	454237397976410	200	410406525	65514688	217083401	8	5713857	5
facebook.com	ajax/pagelet/generic.php	PhotoViewerInitPagelet	200	410406931	65514688	217083401	6	3927365	5
twitter.com	/	/	200	410401846	65514688	217083401	67	4272659	5
facebook.com	ajax/home	generic.php	200	410401913	65514688	217083401	34	4408844	3
facebook.com	ajax/home	generic.php	200	410403743	65514688	217083401	120	4408844	5
youtube.com	/	/	200	410473629	81046434	222660785	63	6174440	3
facebook.com	/	/	200	410401914	81046434	222660785	11	5713857	3
facebook.com	/	/	200	410402739	81046434	222660785	16	5713857	3
facebook.com	ajax/pagelet/generic.php	ProfileTimelineSectionPagelet	200	410480726	81046434	222660785	46	13704975	3
facebook.com	ajax/pagelet/generic.php	ProfileTimelineSectionPagelet	200	410402425	81046434	222660785	8	13704975	3
facebook.com	ajax/pagelet/generic.php	ProfileTimelineSectionPagelet	200	410425849	81046434	222660785	31	13704975	3
facebook.com	ajax/pagelet/generic.php	MoreStoriesPagelet	200	410425159	81046434	222660785	23	14932183	3
facebook.com	ajax/pagelet/generic.php	ProfileTimelineSectionPagelet	200	410401945	81046434	222660785	11	13704975	3
youtube.com	/	watch	200	410483645	81046434	222660785	60	3718815	3
youtube.com	/	results	200	410476316	81046434	222660785	24	3718815	3
facebook.com	/	home.php	200	410402043	81046434	222660785	8	3531701	3
youtube.com	/	results	200	410476153	81046434	222660785	9	3718815	3
youtube.com	/	watch	200	410405348	81046434	222660785	10	3718815	3
facebook.com	/	/	200	410426085	81046434	222660785	18	5713857	3
facebook.com	/	aracely.roman.31	200	410402583	81046434	222660785	108	5713857	3
facebook.com	ajax/pagelet/generic.php	PhotoViewerInitPagelet	200	410426380	81046434	222660785	24	3927365	3
facebook.com	ajax/pagelet/generic.php	PhotoViewerInitPagelet	200	410425927	81046434	222660785	11	3927365	3
youtube.com	/	results	200	410483295	81046434	222660785	7	3718815	3
facebook.com	ajax/pagelet/generic.php	PhotoViewerInitPagelet	200	410425780	81046434	222660785	6	3927365	3
facebook.com	ajax/pagelet/generic.php	PhotoViewerInitPagelet	200	410474035	81046434	222660785	18	3927365	3
facebook.com	ajax/pagelet/generic.php	PhotoViewerInitPagelet	200	410425983	81046434	222660785	9	3927365	3
youtube.com	/	watch	200	410481313	82426503	224093105	439	7549991	3
facebook.com	/	profile.php	200	410407058	82659506	231027593	21	8194001	5
facebook.com	/	profile.php	200	410407243	82659506	231027593	7	8194001	5
facebook.com	NazaninR	photos_stream	200	410472898	82659506	231027593	13	8222324	5
facebook.com	ali.lahak	photos_stream	200	410403186	82659506	231027593	14	8222324	5
facebook.com	/	profile.php	200	410401602	82659506	231027593	5	8194001	5
facebook.com	/	profile.php	200	410474241	82659506	231027593	21	8194001	5
facebook.com	/	/	200	410472733	82659506	231027593	20	6056310	5
facebook.com	/	/	302	410408628	82659506	231027593	2	6056310	3
facebook.com	ajax/pagelet/generic.php	ProfileTimelineSectionPagelet	200	410401430	82659506	231027593	5	13704975	5
facebook.com	ajax/pagelet/generic.php	ProfileTimelineSectionPagelet	200	410409700	82659506	231027593	6	13704975	5
facebook.com	ajax/pagelet/generic.php	ProfileTimelineSectionPagelet	200	410407454	82659506	231027593	12	13704975	5
facebook.com	/	/	200	410474194	82659506	231027593	39	6056310	5
facebook.com	/	index.php	200	410401622	82659506	231027593	12	3531701	5
facebook.com	/	index.php	200	410407577	82659506	231027593	53	3531701	5
facebook.com	/	/	302	410473734	82659506	231027593	5	3531701	3
facebook.com	/	/	200	410407521	82659506	231027593	13	3531701	5
facebook.com	/	/	200	410473759	82659506	231027593	94	3531701	5
facebook.com	/	index.php	200	410403120	82659506	231027593	7	3531701	5
facebook.com	/	settings	200	410474340	82659506	231027593	10	5713857	5
facebook.com	/	settings	200	410474329	82659506	231027593	5	5713857	5
facebook.com	ajax/pagelet/generic.php	PhotoViewerInitPagelet	200	410403292	82659506	231027593	56	3927365	5
twitter.com	/	ThatDude2323	200	410411150	82659506	231027593	21	4272659	5
facebook.com	ajax/pagelet/generic.php	PhotoViewerInitPagelet	200	410406858	82659506	231027593	21	3927365	5
facebook.com	ajax/pagelet/generic.php	PhotoViewerPagelet	200	410406879	82659506	231027593	34	3927365	5
youtube.com	/	watch	200	410423222	84509938	231562553	243	3718815	3
youtube.com	/	watch	200	410423465	84509938	231562553	113	3718815	3
youtube.com	/	watch	200	410423638	84509938	231562553	49	3718815	3
youtube.com	/	results	200	410442363	84238348	233715425	29	3718815	3
youtube.com	/	results	200	410442303	84238348	233715425	60	3718815	3
youtube.com	/	watch	200	410444696	84238348	233715425	34	3718815	3
youtube.com	/	watch	200	410431993	84238348	233715425	93	3718815	3
facebook.com	common	history_manager.php	200	410440224	84238348	233715425	62	3531701	3
youtube.com	/	results	200	410444262	84238348	233715425	24	3718815	3
youtube.com	/	results	200	410431361	84238348	233715425	11	3718815	3
youtube.com	/	/	200	410426050	84238348	233715425	26	6174440	3
facebook.com	/	profile.php	200	410406110	77995660	234126521	86	8194001	3
facebook.com	/	photos	200	410406509	77995660	234126521	5	5713857	3
facebook.com	/	/	200	410456538	77995660	234126521	87	6056310	3
facebook.com	ajax/pagelet/generic.php	MoreStoriesPagelet	200	410456676	77995660	234126521	54	14932183	3
facebook.com	/	heather.duncan.3956	200	410466455	77995660	234126521	45	8222324	3
facebook.com	ajax/pagelet/generic.php	ProfileTimelineSectionPagelet	200	410406860	77995660	234126521	10	13704975	3
facebook.com	ajax/home	generic.php	200	410406759	77995660	234126521	31	4408844	3
facebook.com	/	/	200	410407003	77995660	234126521	120	5713857	3
facebook.com	ajax/home	generic.php	200	410407197	77995660	234126521	51	4408844	3
pinterest.com	twitter	/	302	410480468	57573747	235104425	1	9768885	5
pinterest.com	vonroush/so-many-crafts	/	200	410452639	57573747	235104425	50	9768885	3
pinterest.com	pin/318700111100421879/edit	/	200	410456500	57573747	235104425	15	9768885	3
pinterest.com	get_memo	/	299	410484330	57573747	235104425	68	9768885	3
pinterest.com	/	/	200	410407297	57573747	235104425	33	9768885	3
pinterest.com	pin/318700111100421897/edit	/	200	410456482	57573747	235104425	5	9768885	3
pinterest.com	all	/	200	410409934	57573747	235104425	169	9768885	3
pinterest.com	/	/	200	410455510	57573747	235104425	37	9768885	3
pinterest.com	all	/	200	410405748	57573747	235104425	164	9768885	3
pinterest.com	all	/	200	410485763	57573747	235104425	133	9768885	3
pinterest.com	all	/	200	410481126	57573747	235104425	132	9768885	3
pinterest.com	all	/	200	410407739	57573747	235104425	166	9768885	3
pinterest.com	search/pins	/	200	410458883	57573747	235104425	26	9768885	3
pinterest.com	all	/	200	410482827	57573747	235104425	82	9768885	3
pinterest.com	all	/	200	410411880	57573747	235104425	153	9768885	3
pinterest.com	about/help	/	200	410455959	57573747	235104425	242	9768885	3
pinterest.com	offsite	/	302	410462427	57573747	235104425	1	9768885	3
pinterest.com	all	/	200	410481500	57573747	235104425	125	9768885	3
pinterest.com	/	/	200	410452471	57573747	235104425	19	9768885	3
pinterest.com	/	/	200	410404331	57573747	235104425	40	9768885	3
pinterest.com	search/pins	/	200	410460423	57573747	235104425	31	9768885	3
coupons.com	coupons/Food-Coupons-107	/	200	410402517	57573747	235104425	37	724074	3
coupons.com	COS20	PrintManager.Aspx	200	410403060	57573747	235104425	33	724074	3
pinterest.com	source/craftgawker.com	/	200	410456723	57573747	235104425	97	9768885	3
pinterest.com	all	/	200	410481779	57573747	235104425	134	9768885	3
pinterest.com	all	/	200	410410103	57573747	235104425	184	9768885	3
pinterest.com	all	/	200	410410579	57573747	235104425	5	9768885	3
pinterest.com	get_memo	/	200	410405352	57573747	235104425	98	9768885	3
pinterest.com	all	/	200	410485117	57573747	235104425	140	9768885	3
pinterest.com	chops1975/some-recipes-you-can-taste-just-by-looking-at-them	/	200	410458909	57573747	235104425	15	9768885	3
pinterest.com	all	/	200	410407618	57573747	235104425	121	9768885	3
pinterest.com	all	/	200	410409066	57573747	235104425	6	9768885	3
pinterest.com	about/goodies	/	200	410459256	57573747	235104425	10	9768885	3
pinterest.com	get_memo	/	200	410407272	57573747	235104425	12	9768885	3
pinterest.com	ccgwalker/pins	/	200	410452589	57573747	235104425	5	9768885	3
pinterest.com	about	/	200	410455856	57573747	235104425	72	9768885	3
facebook.com	jalen.t.williams.1/posts	390098897748300	200	410403894	87713859	236674265	15	3531701	3
facebook.com	/	misses.oj	200	410400223	87713859	236674265	2	8222324	3
facebook.com	/	katora.ervin	200	410400784	87713859	236674265	9	8222324	3
facebook.com	/	photo.php	200	410400030	87713859	236674265	10	8194002	3
facebook.com	/	index.php	302	410400825	87713859	236674265	18	3531701	3
facebook.com	/	index.php	302	410400288	87713859	236674265	120	3531701	3
facebook.com	jalen.t.williams.1/posts	390082157749974	200	410401576	87713859	236674265	4	5713857	3
facebook.com	/	/	200	410401601	87713859	236674265	34	5713857	3
facebook.com	ajax/home	generic.php	200	410400898	87713859	236674265	120	4408844	3
facebook.com	ajax/home	generic.php	200	410400138	87713859	236674265	5	4408844	3
facebook.com	ajax/pagelet/generic.php	MoreStoriesPagelet	200	410416522	81417536	237507305	24	14932183	5
facebook.com	/	/	302	410416290	81417536	237507305	11	6056310	3
youtube.com	/	watch	200	410402748	88090198	237611849	7	3718815	3
youtube.com	/	watch	200	410402142	88090198	237611849	220	3718815	3
youtube.com	/	watch	200	410402768	88090198	237611849	7	3718815	3
youtube.com	/	watch	200	410402762	88090198	237611849	6	3718815	3
facebook.com	/	/	200	410480556	85002515	238100657	38	6056310	3
facebook.com	/	/	200	410416361	85002515	238100657	82	6056310	5
facebook.com	/	/	302	410480529	85002515	238100657	27	6056310	3
facebook.com	/	/	200	410423565	85002515	238100657	8	6056310	3
facebook.com	/	logout.php	302	410424264	85002515	238100657	6	4934870	3
facebook.com	ajax/pagelet/generic.php	MoreStoriesPagelet	200	410423401	85002515	238100657	8	14932183	3
facebook.com	ajax/pagelet/generic.php	MoreStoriesPagelet	200	410481911	85002515	238100657	24	14932183	3
facebook.com	recover	initiate	302	410423420	85002515	238100657	1	3531701	3
youtube.com	/	watch	200	410423912	85002515	238100657	31	3718815	3
youtube.com	user/spizzyspose	videos	200	410417455	85002515	238100657	10	3718815	3
tumblr.com	/	dashboard	200	410481664	85002515	238100657	73	4499227	3
youtube.com	/	watch	200	410417271	85002515	238100657	115	3718815	3
youtube.com	/	watch	200	410423473	85002515	238100657	60	3718815	3
buckle.com	womens/jeans/looks:basic	page:2	200	410408974	89175034	239064977	18	1288732	3
buckle.com	womens/jeans	looks	200	410408802	89175034	239064977	26	1288732	3
buckle.com	womens	jeans	200	410408674	89175034	239064977	104	1288732	3
buckle.com	/	womens	200	410407435	89175034	239064977	108	1288732	3
