facebook.com	sharer	sharer.php	200	410419563	97092797	161073037	14	3531701	5
youtube.com	/	watch	200	410466562	100703134	161197813	120	3718815	3
youtube.com	/	results	200	410466530	100703134	161197813	32	3718815	3
youtube.com	/	watch	200	410412135	104389863	161593453	113	3718815	3
youtube.com	/	watch	200	410411991	104389863	161593453	144	3718815	3
twitter.com	/	sonnyinlovato	200	410475552	97038498	161694877	6	4272659	5
twitter.com	/	NanaMs03	200	410475755	97038498	161694877	31	4272659	5
twitter.com	/	favorites	200	410475999	97038498	161694877	8	4272659	5
twitter.com	/	/	200	410475419	97038498	161694877	87	4272659	5
twitter.com	/	StylesFenty	200	410475545	97038498	161694877	7	4272659	5
twitter.com	/	IFlyWithCim	200	410475558	97038498	161694877	120	4272659	5
twitter.com	/	cachahenderson	200	410476142	97038498	161694877	11	4272659	5
twitter.com	/	favorites	200	410475929	97038498	161694877	70	4272659	5
twitter.com	/	sessions	302	410475405	97038498	161694877	14	4272659	5
twitter.com	settings	profile	200	410476153	97038498	161694877	57	4272659	5
twitter.com	/	KhryzelDaligdig	200	410475506	97038498	161694877	39	4272659	5
twitter.com	/	/	200	410475383	97038498	161694877	22	4272659	3
youtube.com	/	watch	200	410471538	104816548	161996149	120	6928214	3
youtube.com	/	watch	200	410471764	104816548	161996149	14	6928214	3
youtube.com	/	watch	200	410469901	104816548	161996149	6	6821014	3
youtube.com	/	results	200	410471760	104816548	161996149	4	3718815	3
youtube.com	/	watch	200	410469631	104816548	161996149	120	3718815	3
youtube.com	/	watch	200	410405860	104816548	161996149	19	3718815	3
youtube.com	/	results	200	410406581	104816548	161996149	7	3718815	3
youtube.com	/	watch	200	410470316	104816548	161996149	4	3718815	3
youtube.com	/	watch	200	410406588	104816548	161996149	303	3718815	3
youtube.com	/	results	200	410471534	104816548	161996149	3	3718815	3
youtube.com	/	/	200	410461467	111081518	162099013	8	6174440	3
youtube.com	/	watch	200	410461375	111081518	162099013	92	3718815	3
footlocker.com	_-_	keyword-kids shoes	200	410404629	113469736	162151837	6	671449	3
footlocker.com	Girls-Grade-School/_-_/N-1gl	keyword-kids shoes	200	410404664	113469736	162151837	2	671449	3
footlocker.com	_-_	keyword-jordan spizike	200	410404584	113469736	162151837	9	671449	3
footlocker.com	Girls-Grade-School/_-_/N-1glZ4z	keyword-kids shoes	200	410404721	113469736	162151837	3	671449	3
footlocker.com	Girls/_-_/N-1gk	keyword-kids shoes	200	410404655	113469736	162151837	5	671449	3
symantec.com	932743328	/	302	410458355	122657118	162410725	1	678064	3
youtube.com	/	watch	200	410468893	124183490	162483181	600	3718815	3
youtube.com	/	watch	200	410463733	124183490	162483181	600	3718815	3
youtube.com	/	watch	200	410468875	124183490	162483181	7	3718815	3
youtube.com	/	results	200	410463729	124183490	162483181	4	3718815	3
youtube.com	/	watch	200	410468277	124183490	162483181	76	3718815	3
youtube.com	/	watch	200	410468882	124183490	162483181	11	3718815	3
youtube.com	/	/	200	410468868	124183490	162483181	7	6174440	3
youtube.com	/	/	200	410463706	124183490	162483181	23	6174440	3
amazon.com	/	subscribe?cid=bd_secco4&ref_=bd_secco4	200	410407599	112363810	162494653	88	13678011	3
youtube.com	/	results	200	410430997	126218396	162578221	7	3718815	3
youtube.com	user	okanokumo	200	410431004	126218396	162578221	99	3718815	3
youtube.com	/	watch	200	410430692	126218396	162578221	305	3718815	3
deviantart.com	/	/	200	410415796	127034878	162605053	120	906908	3
deviantart.com	art	FiM-Dress-Up-Celestia-Luna-290021236	200	410415782	127034878	162605053	14	8923924	3
youtube.com	/	watch	200	410474512	126695056	162630805	120	3718815	3
youtube.com	/	results	200	410484951	126695056	162630805	47	3718815	3
youtube.com	/	results	200	410474486	126695056	162630805	26	3718815	3
youtube.com	/	/	200	410474375	126695056	162630805	111	6174440	3
facebook.com	/	/	302	410421286	127758079	162636565	120	3531701	3
facebook.com	/	/	302	410420841	127758079	162636565	120	3531701	3
facebook.com	/	/	302	410431381	127758079	162636565	120	3531701	3
facebook.com	/	/	302	410472460	127758079	162636565	91	3531701	3
myspace.com	games/play	113384	200	410444422	126312797	162644701	21	8223233	3
myspace.com	games/play	113384	200	410444454	126312797	162644701	104	8223233	3
myspace.com	games	mdppostto	200	410445105	126312797	162644701	2	8223233	3
myspace.com	games/play	113384	200	410445065	126312797	162644701	24	8223233	3
myspace.com	games	mdppostto	200	410445089	126312797	162644701	16	8223233	3
myspace.com	games/play	113384	200	410444443	126312797	162644701	1	8223233	3
myspace.com	games	mdppostto	200	410445107	126312797	162644701	120	8223233	3
myspace.com	games/play	113384	200	410444558	126312797	162644701	507	8223233	3
facebook.com	sororitylife	/	302	410444411	126312797	162644701	11	7212456	3
myspace.com	games/play	113384	200	410444444	126312797	162644701	10	8223233	3
youtube.com	/	/	200	410405077	128185455	162654445	11	6174440	3
youtube.com	/	/	200	410404777	128185455	162654445	32	6174440	3
youtube.com	/	watch	200	410404951	128185455	162654445	53	3718815	3
youtube.com	/	results	200	410405075	128185455	162654445	2	3718815	3
youtube.com	/	results	200	410404809	128185455	162654445	17	3718815	3
youtube.com	/	/	200	410482449	128547721	162670573	18	6174440	3
youtube.com	/	watch	200	410481105	128547721	162670573	62	3718815	3
youtube.com	/	watch	200	410481167	128547721	162670573	462	3718815	3
youtube.com	/	watch	200	410481629	128547721	162670573	14	3718815	3
facebook.com	/	/	302	410431797	128880498	162687805	120	6056310	3
youtube.com	/	watch	200	410432249	129005950	162707197	120	3718815	3
youtube.com	/	results	200	410432173	129005950	162707197	17	3718815	3
youtube.com	/	watch	200	410431767	129005950	162707197	87	3718815	3
youtube.com	/	watch	200	410432190	129005950	162707197	59	3718815	3
youtube.com	/	watch	200	410431854	129005950	162707197	319	3718815	3
youtube.com	/	results	200	410431763	129005950	162707197	4	3718815	3
instagram.com	p/T1Db_JDuhG	/	200	410466320	129965871	162737149	53	9585106	3
instagram.com	p/T7C3xojOfn	/	200	410465659	129965871	162737149	71	9585106	3
instagram.com	p/T4J6VbyWTg	/	200	410465730	129965871	162737149	16	9585106	3
instagram.com	p/T4J6VbyWTg	/	200	410465746	129965871	162737149	120	9585106	3
tumblr.com	tagged	bruno mars quotes	200	410466760	129965871	162737149	8	4499227	3
tumblr.com	tagged	bruno mars quotes	200	410466829	129965871	162737149	60	4499227	3
tumblr.com	tagged	bruno mars quotes	200	410466792	129965871	162737149	27	4499227	3
tumblr.com	tagged	bruno mars quotes	200	410466740	129965871	162737149	20	4499227	3
tumblr.com	tagged	bruno mars quotes	200	410466819	129965871	162737149	10	4499227	3
tumblr.com	tagged	bruno mars quotes	200	410466768	129965871	162737149	24	4499227	3
facebook.com	/	bubbleplyapp	200	410413828	131596451	162849757	120	3531701	5
facebook.com	/	bubbleplyapp	302	410413823	131596451	162849757	5	3531701	3
charlotterusse.com	thumbnail/Clothes/Tops/pc/2114	2131.uts	200	410485249	70223389	211276261	14	4619296	3
charlotterusse.com	catalog/includes	quicklook_miniproduct.jsp	200	410485441	70223389	211276261	32	4619296	3
charlotterusse.com	thumbnail/Clothes/Skirts/pc/2114	2633.uts	200	410485391	70223389	211276261	50	4619296	3
charlotterusse.com	thumbnail/Clothes/Outerwear/pc/2114	2629.uts	200	410485473	70223389	211276261	34	4619296	3
charlotterusse.com	thumbnail/Clothes/Tops/Peplums/pc/2114/c/2131	2724.uts	200	410485263	70223389	211276261	68	4619296	3
charlotterusse.com	catalog/includes	quicklook_miniproduct.jsp	200	410484863	70223389	211276261	25	4619296	3
charlotterusse.com	thumbnail/Accessories/Scarves/pc/2116	2590.uts	200	410485163	70223389	211276261	31	4619296	3
charlotterusse.com	catalog/includes	quicklook_miniproduct.jsp	200	410485055	70223389	211276261	68	4619296	3
charlotterusse.com	thumbnail/Accessories/Jewelry/pc/2116	2598.uts	200	410484789	70223389	211276261	48	4619296	3
charlotterusse.com	/	/	200	410484751	70223389	211276261	38	4619296	3
charlotterusse.com	catalog/includes	quicklook_miniproduct.jsp	200	410484963	70223389	211276261	45	4619296	3
charlotterusse.com	/	/	200	410484742	70223389	211276261	4	4619296	3
charlotterusse.com	catalog/includes	quicklook_miniproduct.jsp	200	410485194	70223389	211276261	18	4619296	3
charlotterusse.com	catalog/includes	quicklook_miniproduct.jsp	200	410485359	70223389	211276261	32	4619296	3
charlotterusse.com	thumbnail/Accessories/Bags/pc/2116	2584.uts	200	410485008	70223389	211276261	47	4619296	3
charlotterusse.com	thumbnail/Accessories/Belts/pc/2116	2589.uts	200	410485212	70223389	211276261	37	4619296	3
charlotterusse.com	catalog/includes	quicklook_miniproduct.jsp	200	410484837	70223389	211276261	26	4619296	3
charlotterusse.com	catalog/includes	quicklook_miniproduct.jsp	200	410484888	70223389	211276261	75	4619296	3
charlotterusse.com	catalog/includes	quicklook_miniproduct.jsp	200	410485331	70223389	211276261	28	4619296	3
facebook.com	ajax/pagelet/generic.php	MoreStoriesPagelet	200	410408720	76916677	216566341	17	14932183	5
facebook.com	ajax/pagelet/generic.php	MoreStoriesPagelet	200	410408578	76916677	216566341	18	14932183	5
facebook.com	ajax/pagelet/generic.php	MoreStoriesPagelet	200	410408566	76916677	216566341	12	14932183	5
facebook.com	ajax/pagelet/generic.php	ProfileTimelineSectionPagelet	200	410408539	76916677	216566341	5	13704975	5
facebook.com	ajax/pagelet/generic.php	ProfileTimelineSectionPagelet	200	410408756	76916677	216566341	27	13704975	5
facebook.com	ajax/pagelet/generic.php	ProfileTimelineSectionPagelet	200	410408475	76916677	216566341	58	13704975	5
facebook.com	ajax/pagelet/generic.php	ProfileTimelineSectionPagelet	200	410408820	76916677	216566341	9	13704975	5
facebook.com	ajax/pagelet/generic.php	ProfileTimelineSectionPagelet	200	410486318	76916677	216566341	59	13704975	5
facebook.com	ajax/pagelet/generic.php	ProfileTimelineSectionPagelet	200	410409055	76916677	216566341	110	13704975	5
facebook.com	ajax/pagelet/generic.php	ProfileTimelineSectionPagelet	200	410408995	76916677	216566341	60	13704975	5
facebook.com	ajax/pagelet/generic.php	ProfileTimelineSectionPagelet	200	410408829	76916677	216566341	47	13704975	5
facebook.com	ajax/pagelet/generic.php	MoreStoriesPagelet	200	410408638	76916677	216566341	15	14932183	5
facebook.com	ajax/pagelet/generic.php	MoreStoriesPagelet	200	410408608	76916677	216566341	30	14932183	5
facebook.com	ajax/pagelet/generic.php	MoreStoriesPagelet	200	410408596	76916677	216566341	12	14932183	5
facebook.com	ajax/pagelet/generic.php	MoreStoriesPagelet	200	410408708	76916677	216566341	12	14932183	5
facebook.com	ajax/pagelet/generic.php	MoreStoriesPagelet	200	410408679	76916677	216566341	29	14932183	5
facebook.com	ajax/pagelet/generic.php	MoreStoriesPagelet	200	410408653	76916677	216566341	26	14932183	5
facebook.com	ajax/pagelet/generic.php	ProfileTimelineSectionPagelet	200	410486394	76916677	216566341	60	13704975	5
facebook.com	ajax/pagelet/generic.php	ProfileTimelineSectionPagelet	200	410408801	76916677	216566341	19	13704975	5
facebook.com	ajax/pagelet/generic.php	ProfileTimelineSectionPagelet	200	410408927	76916677	216566341	9	13704975	5
facebook.com	/	/	200	410408558	76916677	216566341	8	5713857	5
facebook.com	/	sean.rolin	200	410486297	76916677	216566341	21	5713857	5
facebook.com	/	sean.rolin	200	410408470	76916677	216566341	5	5713857	5
facebook.com	/	/	200	410408544	76916677	216566341	5	5713857	5
facebook.com	messages	/	200	410408549	76916677	216566341	9	5713857	5
facebook.com	ajax/home	generic.php	200	410486283	76916677	216566341	14	4408844	5
facebook.com	/	cierra.caraway	200	410408918	76916677	216566341	9	3531701	5
facebook.com	/	cody.rolin	200	410408936	76916677	216566341	2	3531701	5
facebook.com	/	brittany.parkerr	200	410408783	76916677	216566341	18	5713857	5
facebook.com	/	/	200	410408452	76916677	216566341	18	6056310	5
facebook.com	ajax/pagelet/generic.php	ProfileTimelineSectionPagelet	200	410408938	76916677	216566341	39	13704975	5
facebook.com	ajax/pagelet/generic.php	ProfileTimelineSectionPagelet	200	410408898	76916677	216566341	20	13704975	5
facebook.com	/	makayla.n.bailey	200	410486377	76916677	216566341	17	8222324	5
facebook.com	/	cody.rolin	200	410408876	76916677	216566341	22	8222324	5
facebook.com	/	cody.rolin	200	410408740	76916677	216566341	16	8222324	5
facebook.com	/	tinkerandtasha.rolin	200	410408977	76916677	216566341	18	8222324	5
facebook.com	/	makayla.n.bailey	200	410408533	76916677	216566341	6	8222324	5
facebook.com	/	profile.php	200	410408737	76916677	216566341	3	8194001	5
facebook.com	/	/	200	410486218	76916677	216566341	16	6056310	5
youtube.com	/	watch	200	410466873	76551631	217037269	60	6928214	3
youtube.com	/	watch	200	410465261	76551631	217037269	4	6928214	3
youtube.com	/	watch	200	410466286	76551631	217037269	120	3718815	3
youtube.com	/	watch	200	410466217	76551631	217037269	4	3718815	3
youtube.com	/	watch	200	410466221	76551631	217037269	65	3718815	3
youtube.com	/	watch	200	410465265	76551631	217037269	600	3718815	3
facebook.com	ajax/pagelet/generic.php	ProfileTimelineSectionPagelet	200	410474724	72157793	223640773	120	13704975	5
facebook.com	ajax/pagelet/generic.php	ProfileTimelineSectionPagelet	200	410476194	72157793	223640773	120	13704975	5
facebook.com	ajax/pagelet/generic.php	ProfileTimelineSectionPagelet	200	410475524	72157793	223640773	14	13704975	5
facebook.com	ajax/pagelet/generic.php	ProfileTimelineSectionPagelet	200	410476086	72157793	223640773	108	13704975	5
facebook.com	ajax/pagelet/generic.php	ProfileTimelineSectionPagelet	200	410475629	72157793	223640773	78	13704975	5
facebook.com	ajax/pagelet/generic.php	ProfileTimelineSectionPagelet	200	410475538	72157793	223640773	5	13704975	5
facebook.com	ajax/pagelet/generic.php	ProfileTimelineSectionPagelet	200	410476830	72157793	223640773	8	13704975	5
facebook.com	ajax/pagelet/generic.php	ProfileTimelineSectionPagelet	200	410475439	72157793	223640773	15	13704975	5
facebook.com	search	results.php	200	410474567	72157793	223640773	5	8222317	5
facebook.com	pages/Adea-Pula	273293346015176	200	410474572	72157793	223640773	14	8222321	5
facebook.com	pages/Adea-Pula	273293346015176	200	410474886	72157793	223640773	5	8222321	5
facebook.com	/	ZajminaVasjariZyrtare	200	410475714	72157793	223640773	4	8222324	5
facebook.com	/	AdelinaOfficiel	200	410475491	72157793	223640773	23	8222324	5
facebook.com	/	Zara	200	410475343	72157793	223640773	6	8222324	5
facebook.com	/	Zanfinaismailiofficial	200	410475616	72157793	223640773	13	8222324	5
facebook.com	/	afrim.neziri.5	200	410475514	72157793	223640773	10	8222324	5
facebook.com	pages/The-Real-Nora-Istrefi-fan-page	182083378501085	200	410475362	72157793	223640773	43	8222324	5
facebook.com	/	fjolla.morina.58	200	410476820	72157793	223640773	5	8222324	5
facebook.com	ajax/pagelet/generic.php	ProfileTimelineSectionPagelet	200	410474586	72157793	223640773	138	13704975	5
facebook.com	ajax/pagelet/generic.php	ProfileTimelineSectionPagelet	200	410475454	72157793	223640773	34	13704975	5
facebook.com	ajax/pagelet/generic.php	ProfileTimelineSectionPagelet	200	410475707	72157793	223640773	7	13704975	5
facebook.com	ajax/pagelet/generic.php	MoreStoriesPagelet	200	410477368	72157793	223640773	8	14932183	5
facebook.com	ajax/pagelet/generic.php	MoreStoriesPagelet	200	410477001	72157793	223640773	61	14932183	5
facebook.com	ajax/pagelet/generic.php	MoreStoriesPagelet	200	410477339	72157793	223640773	29	14932183	5
facebook.com	ajax/pagelet/generic.php	MoreStoriesPagelet	200	410477270	72157793	223640773	46	14932183	5
facebook.com	ajax/pagelet/generic.php	MoreStoriesPagelet	200	410477062	72157793	223640773	45	14932183	5
facebook.com	ajax/pagelet/generic.php	MoreStoriesPagelet	200	410484305	72157793	223640773	14	14932183	5
facebook.com	ajax/pagelet/generic.php	MoreStoriesPagelet	200	410477316	72157793	223640773	23	14932183	5
facebook.com	ajax/pagelet/generic.php	MoreStoriesPagelet	200	410477107	72157793	223640773	58	14932183	5
facebook.com	ajax/pagelet/generic.php	MoreStoriesPagelet	200	410476954	72157793	223640773	36	14932183	5
facebook.com	ajax/pagelet/generic.php	ProfileTimelineSectionPagelet	200	410476838	72157793	223640773	4	13704975	5
facebook.com	ajax/pagelet/generic.php	ProfileTimelineSectionPagelet	200	410476825	72157793	223640773	5	13704975	5
facebook.com	ajax/pagelet/generic.php	ProfileTimelineSectionPagelet	200	410475718	72157793	223640773	13	13704975	5
facebook.com	ajax/pagelet/generic.php	ProfileTimelineSectionPagelet	200	410475405	72157793	223640773	34	13704975	5
facebook.com	ajax/pagelet/generic.php	ProfileTimelineSectionPagelet	200	410476842	72157793	223640773	5	13704975	5
facebook.com	ajax/pagelet/generic.php	ProfileTimelineSectionPagelet	200	410475604	72157793	223640773	12	13704975	5
facebook.com	ajax/pagelet/generic.php	ProfileTimelineSectionPagelet	200	410475349	72157793	223640773	13	13704975	5
facebook.com	ajax/pagelet/generic.php	MoreStoriesPagelet	200	410484254	72157793	223640773	51	14932183	5
facebook.com	ajax/pagelet/generic.php	MoreStoriesPagelet	200	410484319	72157793	223640773	50	14932183	5
facebook.com	ajax/pagelet/generic.php	MoreStoriesPagelet	200	410477376	72157793	223640773	120	14932183	5
facebook.com	ajax/pagelet/generic.php	MoreStoriesPagelet	200	410473684	72157793	223640773	11	14932183	5
facebook.com	ajax/pagelet/generic.php	MoreStoriesPagelet	200	410473595	72157793	223640773	70	14932183	5
facebook.com	search	results.php	200	410475779	72157793	223640773	41	8222317	5
youtube.com	/	/	200	410484375	72157793	223640773	27	6174440	3
facebook.com	/	/	200	410484133	72157793	223640773	19	6056310	5
youtube.com	/	watch	200	410484421	72157793	223640773	90	3718815	3
youtube.com	/	watch	200	410484553	72157793	223640773	13	3718815	3
facebook.com	ajax/pagelet/generic.php	PhotoViewerInitPagelet	200	410476037	72157793	223640773	31	3927365	5
facebook.com	ajax/pagelet/generic.php	PhotoViewerInitPagelet	200	410475488	72157793	223640773	3	3927365	5
facebook.com	ajax/pagelet/generic.php	PhotoViewerInitPagelet	200	410477165	72157793	223640773	105	3927365	5
facebook.com	ajax/pagelet/generic.php	PhotoViewerInitPagelet	200	410476990	72157793	223640773	11	3927365	5
facebook.com	ajax/pagelet/generic.php	PhotoViewerInitPagelet	200	410473695	72157793	223640773	10	3927365	5
facebook.com	ajax/pagelet/generic.php	PhotoViewerPagelet	200	410475911	72157793	223640773	32	3927365	5
facebook.com	ajax/pagelet/generic.php	PhotoViewerInitPagelet	200	410475543	72157793	223640773	23	3927365	5
facebook.com	ajax/pagelet/generic.php	PhotoViewerInitPagelet	200	410475828	72157793	223640773	43	3927365	5
facebook.com	ajax/pagelet/generic.php	PhotoViewerInitPagelet	200	410475879	72157793	223640773	32	3927365	5
youtube.com	/	watch	200	410484566	72157793	223640773	479	3718815	3
youtube.com	/	results	200	410484543	72157793	223640773	10	3718815	3
facebook.com	/	/	200	410484173	72157793	223640773	81	3531701	5
facebook.com	/	mobileprotection	200	410476770	72157793	223640773	21	3531701	5
facebook.com	/	mobileprotection	200	410484152	72157793	223640773	15	3531701	5
facebook.com	/	index.php	200	410473423	72157793	223640773	38	3531701	5
facebook.com	/	index.php	200	410474452	72157793	223640773	35	3531701	5
facebook.com	/	index.php	200	410484511	72157793	223640773	32	3531701	5
facebook.com	/	mobileprotection	200	410473461	72157793	223640773	31	3531701	5
facebook.com	/	fjolla.morina.58	200	410475731	72157793	223640773	48	3531701	5
youtube.com	/	results	200	410484402	72157793	223640773	19	3718815	3
facebook.com	/	photo.php	200	410473705	72157793	223640773	21	3927365	5
facebook.com	ajax/pagelet/generic.php	PhotoViewerInitPagelet	200	410476023	72157793	223640773	14	3927365	5
facebook.com	ajax/pagelet/generic.php	PhotoViewerInitPagelet	200	410473665	72157793	223640773	19	3927365	5
facebook.com	/	permalink.php	200	410476791	72157793	223640773	29	5713857	5
facebook.com	/	fjolla.morin1	200	410475820	72157793	223640773	8	5713857	5
facebook.com	/	/	200	410476850	72157793	223640773	104	5713857	5
facebook.com	media/set	/	200	410476006	72157793	223640773	8	5713857	5
facebook.com	ajax/pagelet/generic.php	TimelinePhotosAlbumPagelet	200	410476014	72157793	223640773	9	5713857	5
facebook.com	/	/	200	410476847	72157793	223640773	3	5713857	5
facebook.com	ajax/pagelet/generic.php	TimelinePhotosStreamPagelet	200	410474891	72157793	223640773	5	5713857	5
facebook.com	/	/	200	410473562	72157793	223640773	33	5713857	5
facebook.com	/	/	200	410484167	72157793	223640773	6	5713857	5
facebook.com	ibadete.neziri/posts	191345837676040	200	410473492	72157793	223640773	14	5713857	5
facebook.com	/	/	200	410474487	72157793	223640773	80	6056310	5
facebook.com	/	/	200	410473392	72157793	223640773	31	6056310	5
facebook.com	/	/	200	410476749	72157793	223640773	1	6056310	5
facebook.com	fjolla.morin1	photos_stream	200	410475871	72157793	223640773	8	5713857	5
facebook.com	fjolla.morin1	photos_albums	200	410475993	72157793	223640773	13	5713857	5
facebook.com	ajax/pagelet/generic.php	PhotoViewerPagelet	200	410473726	72157793	223640773	12	3927365	5
facebook.com	ajax/pagelet/generic.php	PhotoViewerPagelet	200	410475566	72157793	223640773	38	3927365	5
facebook.com	ajax/pagelet/generic.php	PhotoViewerPagelet	200	410476068	72157793	223640773	9	3927365	5
facebook.com	ajax/pagelet/generic.php	PhotoViewerPagelet	200	410475943	72157793	223640773	50	3927365	5
facebook.com	megapolis_game/cache	ce658f906350938127a8f632755ad8ae	200	410473533	72157793	223640773	15	4761456	5
facebook.com	megapolis_game	/	200	410473512	72157793	223640773	21	4761456	5
facebook.com	megapolis_game	/	302	410473506	72157793	223640773	6	4761456	3
facebook.com	/	logout.php	302	410476591	72157793	223640773	91	4934870	5
facebook.com	/	logout.php	302	410478244	72157793	223640773	60	4934870	5
facebook.com	ajax/pagelet/generic.php	TimelinePhotosStreamPagelet	200	410474896	72157793	223640773	120	5713857	5
facebook.com	/	fjolla.morin1	200	410476077	72157793	223640773	9	5713857	5
facebook.com	/	/	200	410408043	82187702	223644709	66	6056310	5
facebook.com	messages	1449799973	200	410401058	82187702	223644709	120	11157922	3
facebook.com	ajax/pagelet/generic.php	ProfileTimelineSectionPagelet	200	410401972	82187702	223644709	19	13704975	3
facebook.com	ajax/pagelet/generic.php	MoreStoriesPagelet	200	410402608	82187702	223644709	38	14932183	3
facebook.com	ajax/pagelet/generic.php	MoreStoriesPagelet	200	410402646	82187702	223644709	73	14932183	3
facebook.com	ajax/pagelet/generic.php	MoreStoriesPagelet	200	410402568	82187702	223644709	40	14932183	3
facebook.com	ajax/pagelet/generic.php	MoreStoriesPagelet	200	410402135	82187702	223644709	433	14932183	3
facebook.com	ajax/pagelet/generic.php	MoreStoriesPagelet	200	410402719	82187702	223644709	50	14932183	3
facebook.com	/	/	200	410400880	82187702	223644709	120	6056310	3
facebook.com	/	/	302	410408033	82187702	223644709	10	6056310	3
facebook.com	/	index.php	302	410402769	82187702	223644709	60	3531701	3
facebook.com	ajax/pagelet/generic.php	PhotoViewerInitPagelet	200	410401991	82187702	223644709	86	3927365	3
facebook.com	/	charlene.steptore	200	410401953	82187702	223644709	19	5713857	3
facebook.com	/	/	200	410402077	82187702	223644709	58	5713857	3
facebook.com	/	/	200	410408109	82187702	223644709	60	6056310	3
facebook.com	/	chelseanicolephoto	200	410421362	84141766	231113749	5	8222324	5
facebook.com	/	MadisonYouth	200	410421322	84141766	231113749	12	8222324	5
facebook.com	pages/Bluehawks	333559596743338	200	410422593	84141766	231113749	3	8222324	5
facebook.com	ajax/pagelet/generic.php	ProfileTimelineSectionPagelet	200	410421367	84141766	231113749	6	13704975	5
facebook.com	ajax/pagelet/generic.php	ProfileTimelineSectionPagelet	200	410422596	84141766	231113749	20	13704975	5
facebook.com	ajax/pagelet/generic.php	ProfileTimelineSectionPagelet	200	410422368	84141766	231113749	11	13704975	5
facebook.com	ajax/pagelet/generic.php	ProfileTimelineSectionPagelet	200	410421356	84141766	231113749	6	13704975	5
facebook.com	ajax/pagelet/generic.php	ProfileTimelineSectionPagelet	200	410412413	84141766	231113749	8	13704975	5
facebook.com	ajax/pagelet/generic.php	ProfileTimelineSectionPagelet	200	410422473	84141766	231113749	9	13704975	5
facebook.com	ajax/pagelet/generic.php	ProfileTimelineSectionPagelet	200	410412333	84141766	231113749	12	13704975	5
facebook.com	heather.b.waterhouse	photos_stream	200	410422061	84141766	231113749	80	8222324	5
facebook.com	/	ella.snider.7	200	410422616	84141766	231113749	13	8222324	5
facebook.com	MadisonYouth	events	200	410421334	84141766	231113749	14	8222324	5
facebook.com	/	profile.php	200	410412328	84141766	231113749	5	8194001	5
facebook.com	/	profile.php	200	410422197	84141766	231113749	23	8194001	5
facebook.com	/	profile.php	200	410422220	84141766	231113749	11	8194001	5
facebook.com	/	RidgeviewImages	200	410421881	84141766	231113749	7	8222324	5
facebook.com	/	heather.b.waterhouse	200	410422051	84141766	231113749	10	8222324	5
facebook.com	ella.snider.7	photos	200	410422629	84141766	231113749	15	8222324	5
facebook.com	/	MadisonYouth	200	410421348	84141766	231113749	8	8222324	5
facebook.com	/	vicki.anderson.14224	200	410422027	84141766	231113749	14	8222324	5
facebook.com	chelseanicolephoto	photos_stream	200	410421373	84141766	231113749	12	8222324	5
facebook.com	ajax/pagelet/generic.php	ProfileTimelineSectionPagelet	200	410421888	84141766	231113749	21	13704975	5
facebook.com	/	/	200	410421909	84141766	231113749	16	6056310	5
facebook.com	/	/	200	410412345	84141766	231113749	43	6056310	5
facebook.com	ajax/pagelet/generic.php	PhotoViewerInitPagelet	200	410422246	84141766	231113749	84	3927365	5
facebook.com	ajax/pagelet/generic.php	PhotoViewerInitPagelet	200	410421925	84141766	231113749	15	3927365	5
facebook.com	ajax/pagelet/generic.php	PhotoViewerInitPagelet	200	410421385	84141766	231113749	205	3927365	5
facebook.com	/	reagan.p.taylor	200	410422379	84141766	231113749	80	3927365	5
facebook.com	ajax/pagelet/generic.php	PhotoViewerInitPagelet	200	410422644	84141766	231113749	85	3927365	5
facebook.com	ajax/pagelet/generic.php	PhotoViewerInitPagelet	200	410438838	84141766	231113749	120	3927365	5
facebook.com	ajax/pagelet/generic.php	PhotoViewerInitPagelet	200	410438719	84141766	231113749	119	3927365	5
facebook.com	ajax/pagelet/generic.php	PhotoViewerInitPagelet	200	410422231	84141766	231113749	15	3927365	5
facebook.com	ajax/pagelet/generic.php	PhotoViewerInitPagelet	200	410412805	84141766	231113749	9	3927365	5
facebook.com	ajax/pagelet/generic.php	PhotoViewerInitPagelet	200	410438594	84141766	231113749	125	3927365	5
facebook.com	ajax/pagelet/generic.php	PhotoViewerInitPagelet	200	410412641	84141766	231113749	164	3927365	5
facebook.com	ajax/pagelet/generic.php	PhotoViewerInitPagelet	200	410422162	84141766	231113749	21	3927365	5
facebook.com	ajax/pagelet/generic.php	PhotoViewerInitPagelet	200	410421590	84141766	231113749	46	3927365	5
facebook.com	/	sydney.smith.399826	200	410412564	84141766	231113749	44	3531701	5
facebook.com	/	caleigh.rice.35	200	410422729	84141766	231113749	120	3531701	5
facebook.com	/	reagan.p.taylor	200	410422459	84141766	231113749	14	3531701	5
facebook.com	/	melissa.m.sullivan.35	200	410421636	84141766	231113749	120	3531701	5
facebook.com	ajax/pagelet/generic.php	PhotoViewerInitPagelet	200	410422141	84141766	231113749	21	3927365	3
facebook.com	ajax/pagelet/generic.php	PhotoViewerInitPagelet	200	410421958	84141766	231113749	69	3927365	5
facebook.com	ajax/pagelet/generic.php	PhotoViewerInitPagelet	200	410421940	84141766	231113749	18	3927365	5
facebook.com	ajax/pagelet/generic.php	PhotoViewerInitPagelet	200	410412449	84141766	231113749	115	3927365	5
facebook.com	/	/	200	410422569	84141766	231113749	24	5713857	5
facebook.com	/	/	200	410412861	84141766	231113749	60	5713857	5
facebook.com	ajax/pagelet/generic.php	TimelinePhotosPagelet	200	410438530	84141766	231113749	19	5713857	5
facebook.com	/	/	200	410422041	84141766	231113749	10	5713857	5
facebook.com	caleigh.rice.35	photos	200	410438423	84141766	231113749	87	5713857	5
facebook.com	sydney.smith.399826	photos	200	410412608	84141766	231113749	33	5713857	5
facebook.com	rosie.benoit.3	photos	200	410412421	84141766	231113749	18	5713857	5
facebook.com	/	/	200	410422183	84141766	231113749	14	5713857	5
facebook.com	/	melissa.m.sullivan.35	200	410421804	84141766	231113749	77	5713857	5
facebook.com	melissa.m.sullivan.35	photos_stream	200	410421779	84141766	231113749	25	5713857	5
facebook.com	ajax/pagelet/generic.php	TimelinePhotosPagelet	200	410438549	84141766	231113749	45	5713857	5
facebook.com	ajax/pagelet/generic.php	TimelinePhotosPagelet	200	410412439	84141766	231113749	10	5713857	5
facebook.com	/	reagan.p.taylor	200	410422557	84141766	231113749	12	5713857	5
facebook.com	ajax/pagelet/generic.php	TimelinePhotosPagelet	200	410438510	84141766	231113749	20	5713857	5
facebook.com	/	/	200	410422898	84141766	231113749	120	5713857	5
facebook.com	/	/	200	410422330	84141766	231113749	22	5713857	5
facebook.com	/	rosie.benoit.3	200	410412388	84141766	231113749	25	5713857	5
facebook.com	/	reagan.p.taylor	200	410422352	84141766	231113749	16	5713857	5
facebook.com	sydney.smith.399826	photos_albums	200	410412814	84141766	231113749	47	5713857	5
facebook.com	reagan.p.taylor	info	200	410422482	84141766	231113749	75	5713857	5
facebook.com	/	/	200	410470005	85383143	234177997	39	6056310	5
facebook.com	/	/	200	410470044	85383143	234177997	79	6056310	3
facebook.com	/	/	200	410470452	85383143	234177997	5	8047797	3
facebook.com	/	/	200	410470199	85383143	234177997	27	8047797	3
facebook.com	about/privacy	tools	200	410470253	85383143	234177997	18	3531701	3
facebook.com	/	casandra.zapata	200	410470279	85383143	234177997	18	3531701	3
facebook.com	privacy/explanation	/	200	410470232	85383143	234177997	1	3531701	3
facebook.com	/	/	200	410470607	85383143	234177997	50	3531701	3
facebook.com	/	/	302	410469999	85383143	234177997	6	3531701	3
facebook.com	/	/	200	410470190	85383143	234177997	9	3531701	3
facebook.com	/	/	200	410470457	85383143	234177997	33	3531701	3
facebook.com	search	results.php	200	410470413	85383143	234177997	9	3531701	3
facebook.com	/	casandra.zapata	200	410470422	85383143	234177997	30	3531701	3
facebook.com	about/privacy	/	200	410470237	85383143	234177997	16	3531701	3
facebook.com	help	330525367015217	200	410470531	85383143	234177997	29	3531701	3
facebook.com	about/privacy	/	200	410470271	85383143	234177997	8	3531701	3
facebook.com	/	/	200	410470674	85383143	234177997	60	3531701	3
facebook.com	/	editaccount.php	200	410470156	85383143	234177997	1	3531701	3
facebook.com	/	casandra.zapata	200	410470560	85383143	234177997	47	3531701	3
facebook.com	help	cookies	200	410470503	85383143	234177997	26	3531701	3
facebook.com	/	settings	200	410470157	85383143	234177997	21	3531701	3
facebook.com	search	results.php	200	410470389	85383143	234177997	24	3531701	3
facebook.com	search	results.php	200	410470365	85383143	234177997	24	3531701	3
facebook.com	/	settings	200	410470658	85383143	234177997	16	3531701	3
facebook.com	/	casandra.zapata	200	410470490	85383143	234177997	13	3531701	3
facebook.com	/	policy.php	200	410470233	85383143	234177997	4	3531701	3
facebook.com	/	editaccount.php	200	410470657	85383143	234177997	1	3531701	3
facebook.com	search	results.php	200	410470353	85383143	234177997	12	3531701	3
facebook.com	/	casandra.zapata	200	410470226	85383143	234177997	6	3531701	3
facebook.com	/	casandra.zapata	200	410470297	85383143	234177997	29	3531701	3
facebook.com	/	casandra.zapata	200	410470178	85383143	234177997	12	3531701	3
facebook.com	/	casandra.zapata	200	410470123	85383143	234177997	33	3531701	3
facebook.com	search	results.php	200	410470326	85383143	234177997	27	3531701	3
facebook.com	/	yvonne.owens.39	200	410464981	87307957	236004445	5	3531701	3
facebook.com	ajax/pagelet/generic.php	PhotoViewerInitPagelet	200	410465066	87307957	236004445	60	3927365	3
facebook.com	yvonne.owens.39	photos	200	410465053	87307957	236004445	13	5713857	3
facebook.com	ajax/pagelet/generic.php	ProfileTimelineSectionPagelet	200	410464986	87307957	236004445	67	13704975	3
amazon.com	gp	coupon	200	410468877	86051944	236535661	60	671065	3
amazon.com	Lenovo-Twist-S230u-12-5-Inch-Ultrabook/dp	B009MPBFNU	200	410477281	86612059	236643565	11	671065	3
facebook.com	/	/	200	410403344	86612059	236643565	55	6056310	5
facebook.com	/	/	200	410403316	86612059	236643565	28	6056310	5
facebook.com	ajax/pagelet/generic.php	ProfileTimelineSectionPagelet	200	410403416	86612059	236643565	16	13704975	5
facebook.com	ajax/home	generic.php	200	410403567	86612059	236643565	18	14394902	5
facebook.com	ajax/pagelet/generic.php	GroupFeedPagelet	200	410403585	86612059	236643565	8	14394902	5
facebook.com	ajax/home	generic.php	200	410403606	86612059	236643565	12	14394902	5
facebook.com	ajax/pagelet/generic.php	MoreStoriesPagelet	200	410403624	86612059	236643565	13	14932183	5
facebook.com	/	/	200	410403553	86612059	236643565	14	5713857	5
facebook.com	/	K.Savvage	200	410403399	86612059	236643565	17	3531701	5
facebook.com	/	index.php	200	410403643	86612059	236643565	120	3531701	5
facebook.com	ajax/pagelet/generic.php	PhotoViewerPagelet	200	410403523	86612059	236643565	30	3927365	5
facebook.com	ajax/pagelet/generic.php	PhotoViewerInitPagelet	200	410403432	86612059	236643565	91	3927365	5
facebook.com	ajax/home	generic.php	200	410403637	86612059	236643565	6	4408844	5
facebook.com	ajax/home	generic.php	200	410403618	86612059	236643565	6	4408844	5
facebook.com	ajax/home	generic.php	200	410403593	86612059	236643565	13	4408844	5
staples.com	netagent/proactive	Visitor.aspx	302	410477963	86612059	236643565	4	689143	5
staples.com	netagent/proactive	Visitor.aspx	302	410477723	86612059	236643565	6	689143	5
staples.com	netagent/proactive	Visitor.aspx	302	410477640	86612059	236643565	10	689143	5
staples.com	netagent/proactive	Visitor.aspx	302	410477967	86612059	236643565	8	689143	5
staples.com	netagent/proactive	Visitor.aspx	302	410477909	86612059	236643565	6	689143	5
staples.com	netagent/proactive	Visitor.aspx	302	410477854	86612059	236643565	9	689143	5
staples.com	netagent/proactive	Visitor.aspx	302	410477700	86612059	236643565	4	689143	5
staples.com	netagent/proactive	Visitor.aspx	302	410477927	86612059	236643565	7	689143	5
staples.com	netagent/proactive	Visitor.aspx	302	410477740	86612059	236643565	8	689143	5
staples.com	netagent/proactive	Visitor.aspx	302	410477719	86612059	236643565	4	689143	5
staples.com	netagent/proactive	Visitor.aspx	302	410477915	86612059	236643565	6	689143	5
staples.com	netagent/proactive	Visitor.aspx	302	410477867	86612059	236643565	6	689143	5
staples.com	netagent/proactive	Visitor.aspx	302	410477780	86612059	236643565	4	689143	5
staples.com	netagent/proactive	Visitor.aspx	302	410477975	86612059	236643565	6	689143	5
staples.com	netagent/proactive	Visitor.aspx	302	410477694	86612059	236643565	4	689143	5
staples.com	netagent/proactive	Visitor.aspx	302	410477880	86612059	236643565	6	689143	5
staples.com	netagent/proactive	Visitor.aspx	302	410477886	86612059	236643565	8	689143	5
staples.com	netagent/proactive	Visitor.aspx	302	410477987	86612059	236643565	4	689143	5
staples.com	All-Laptop-Computers	cat_CL167289	200	410477620	86612059	236643565	20	689143	3
staples.com	netagent/proactive	Visitor.aspx	302	410477991	86612059	236643565	6	689143	5
staples.com	netagent/proactive	Visitor.aspx	302	410477956	86612059	236643565	7	689143	5
staples.com	netagent/proactive	Visitor.aspx	302	410477679	86612059	236643565	4	689143	5
staples.com	netagent/proactive	Visitor.aspx	302	410477981	86612059	236643565	6	689143	5
amazon.com	gp/nemo/raw/handlers	raw.html?ie=UTF8&ASIN=B009MPBFNU&pageLocation=below-fold&bWidth=991&yPos=5407&_=1357075690708	200	410477292	86612059	236643565	110	671065	3
amazon.com	Lenovo-Twist-S230u-12-5-Inch-Ultrabook/product-reviews	B009MPBFNU	200	410477402	86612059	236643565	114	671065	3
staples.com	netagent/proactive	Visitor.aspx	302	410477774	86612059	236643565	6	689143	5
staples.com	netagent/proactive	Visitor.aspx	302	410477684	86612059	236643565	6	689143	5
staples.com	netagent/proactive	Visitor.aspx	302	410477848	86612059	236643565	6	689143	5
staples.com	netagent/proactive	Visitor.aspx	302	410478003	86612059	236643565	60	689143	5
staples.com	netagent/proactive	Visitor.aspx	302	410477784	86612059	236643565	5	689143	5
staples.com	netagent/proactive	Visitor.aspx	302	410477734	86612059	236643565	0	689143	5
staples.com	netagent/proactive	Visitor.aspx	302	410477755	86612059	236643565	6	689143	5
staples.com	netagent/proactive	Visitor.aspx	302	410477769	86612059	236643565	5	689143	5
staples.com	netagent/proactive	Visitor.aspx	302	410477690	86612059	236643565	4	689143	5
staples.com	netagent/proactive	Visitor.aspx	302	410477934	86612059	236643565	6	689143	5
staples.com	netagent/proactive	Visitor.aspx	302	410477997	86612059	236643565	6	689143	5
staples.com	netagent/proactive	Visitor.aspx	302	410477894	86612059	236643565	5	689143	5
staples.com	netagent/proactive	Visitor.aspx	302	410477822	86612059	236643565	4	689143	5
staples.com	netagent/proactive	Visitor.aspx	302	410477715	86612059	236643565	4	689143	5
staples.com	netagent/proactive	Visitor.aspx	302	410477921	86612059	236643565	6	689143	5
staples.com	netagent/proactive	Visitor.aspx	302	410477662	86612059	236643565	4	689143	5
staples.com	netagent/proactive	Visitor.aspx	302	410477654	86612059	236643565	8	689143	5
staples.com	netagent/proactive	Visitor.aspx	302	410477672	86612059	236643565	7	689143	5
staples.com	netagent/proactive	Visitor.aspx	302	410477729	86612059	236643565	5	689143	5
tigerdirect.com	include	AddCartfromGallery.asp	200	410477184	86612059	236643565	14	689434	3
tigerdirect.com	/	index.asp	302	410476997	86612059	236643565	1	689434	3
tigerdirect.com	applications/searchtools	item-details.asp	200	410476994	86612059	236643565	3	689434	3
tigerdirect.com	main	indexus.asp	200	410476998	86612059	236643565	23	689434	3
tigerdirect.com	applications/SearchTools	item-details.asp	200	410477198	86612059	236643565	6	689434	3
tigerdirect.com	applications/SearchTools	item-details.asp	200	410477117	86612059	236643565	67	689434	3
tigerdirect.com	applications/category	category_tlc.asp	200	410477057	86612059	236643565	60	689434	3
tigerdirect.com	applications/Category	guidedSearch.asp	200	410477021	86612059	236643565	36	689434	3
staples.com	netagent/proactive	Visitor.aspx	302	410477873	86612059	236643565	7	689143	5
staples.com	netagent/proactive	Visitor.aspx	302	410477826	86612059	236643565	6	689143	5
staples.com	netagent/proactive	Visitor.aspx	302	410477748	86612059	236643565	7	689143	5
staples.com	netagent/proactive	Visitor.aspx	302	410477805	86612059	236643565	6	689143	5
staples.com	netagent/proactive	Visitor.aspx	302	410477704	86612059	236643565	4	689143	5
staples.com	netagent/proactive	Visitor.aspx	302	410477841	86612059	236643565	7	689143	5
staples.com	netagent/proactive	Visitor.aspx	302	410477863	86612059	236643565	0	689143	5
staples.com	netagent/proactive	Visitor.aspx	302	410477950	86612059	236643565	6	689143	5
staples.com	netagent/proactive	Visitor.aspx	302	410477946	86612059	236643565	4	689143	5
staples.com	netagent/proactive	Visitor.aspx	302	410477789	86612059	236643565	4	689143	5
staples.com	netagent/proactive	Visitor.aspx	302	410477905	86612059	236643565	4	689143	5
staples.com	netagent/proactive	Visitor.aspx	302	410477811	86612059	236643565	7	689143	5
staples.com	netagent/proactive	Visitor.aspx	302	410477832	86612059	236643565	9	689143	5
staples.com	netagent/proactive	Visitor.aspx	302	410477818	86612059	236643565	4	689143	5
staples.com	netagent/proactive	Visitor.aspx	302	410477761	86612059	236643565	8	689143	5
staples.com	netagent/proactive	Visitor.aspx	302	410477793	86612059	236643565	6	689143	5
staples.com	netagent/proactive	Visitor.aspx	302	410477708	86612059	236643565	7	689143	5
staples.com	netagent/proactive	Visitor.aspx	302	410477799	86612059	236643565	6	689143	5
staples.com	netagent/proactive	Visitor.aspx	302	410477940	86612059	236643565	6	689143	5
staples.com	netagent/proactive	Visitor.aspx	302	410477650	86612059	236643565	4	689143	5
staples.com	netagent/proactive	Visitor.aspx	302	410477899	86612059	236643565	6	689143	5
staples.com	netagent/proactive	Visitor.aspx	302	410477666	86612059	236643565	6	689143	5
