tumblr.com	/	dashboard	200	410401656	119828292	162289211	9	4499227	3
tumblr.com	dashboard/7	39379257406	200	410451633	119828292	162289211	18	4499227	3
tumblr.com	dashboard/4	39352103259	200	410416716	119828292	162289211	8	4499227	3
youtube.com	feed	UCPKrok2sQg4_9t8ZSb7NFfQ	200	410402337	119828292	162289211	5	3718815	3
youtube.com	feed	UCPKrok2sQg4_9t8ZSb7NFfQ	200	410454962	119828292	162289211	8	3718815	3
youtube.com	feed	UCWljxewHlJE3M7U_6_zFNyA	200	410454970	119828292	162289211	5	3718815	3
tumblr.com	reblog/39379261402	IP4yEONW	200	410451598	119828292	162289211	3	4499227	3
tumblr.com	dashboard/2	39379470259	200	410451099	119828292	162289211	6	4499227	3
shopathome.com	/	/	299	410468410	131609993	162816251	4	690542	3
amazon.com	gp/bit/apps/web/SERP	search	200	410467315	68732800	206622299	5	671065	3
amazon.com	/	websearch	200	410466623	68732800	206622299	18	671065	3
amazon.com	gp/bit/apps/web/SERP	search	200	410467548	68732800	206622299	8	671065	3
tumblr.com	blog	ogjhawk	200	410479137	73560501	213260579	59	4499227	3
youtube.com	/	watch	200	410486029	78025461	218101091	60	3718815	3
