youtube.com	/	results	200	410432587	121274276	162361359	3	3718815	3
youtube.com	/	results	200	410427506	126765031	162601767	5	3718815	3
youtube.com	/	watch	200	410473152	122151505	162667263	26	3718815	3
facebook.com	dialog	plugin.optin	200	410438335	130832135	162785247	12	3927362	3
youtube.com	/	watch	200	410468069	130247595	162788751	58	3718815	3
shopathome.com	/	framesetout.aspx	302	410472869	131387360	162801207	28	690542	3
facebook.com	/	/	200	410419295	127021526	162866511	13	6056310	3
youtube.com	/	watch	200	410412890	131865659	162889623	110	3718815	3
youtube.com	/	watch	200	410413000	131865659	162889623	600	3718815	3
youtube.com	/	/	200	410434888	66781830	205409823	34	6174440	3
youtube.com	/	watch	200	410459142	66947784	206317695	120	7549991	3
youtube.com	/	watch	200	410457598	66947784	206317695	600	7549991	3
youtube.com	/	/	200	410457589	66947784	206317695	9	6174440	3
youtube.com	/	watch	200	410483253	66947784	206317695	330	3718815	3
youtube.com	/	watch	200	410486003	66947784	206317695	214	3718815	3
youtube.com	/	watch	200	410434632	66947784	206317695	187	3718815	3
youtube.com	/	watch	200	410436270	66947784	206317695	227	3718815	3
facebook.com	/	lydia.knickerbocker	200	410448382	72181039	210527751	3	5713857	3
youtube.com	/	/	200	410470594	77957000	217625223	120	6174440	3
gaiaonline.com	newsroom	index.php	200	410480974	77957000	217625223	295	3307615	3
gaiaonline.com	auth/login	/	302	410480524	77957000	217625223	12	3307615	3
youtube.com	/	facebook_redirect	200	410418067	77957000	217625223	2	3718815	5
youtube.com	/	results	200	410411377	77957000	217625223	1	3718815	3
amazon.com	The-Gold-Rush-Criterion-Collection/dp	B007N5YJPC	200	410463664	77835487	220180551	13	671065	3
facebook.com	ajax/pagelet/generic.php	PhotoViewerInitPagelet	200	410466569	77835487	220180551	104	3927365	3
facebook.com	ajax/pagelet/generic.php	PhotoViewerInitPagelet	200	410466751	77835487	220180551	200	3927365	3
facebook.com	ajax/pagelet/generic.php	MoreStoriesPagelet	200	410460438	77835487	220180551	84	14932183	3
facebook.com	ajax/pagelet/generic.php	PhotoViewerInitPagelet	200	410426676	86778404	235699407	55	3927365	5
facebook.com	ajax/pagelet/generic.php	MoreStoriesPagelet	200	410425529	86778404	235699407	51	14932183	5
facebook.com	ajax/pagelet/generic.php	MoreStoriesPagelet	200	410425230	86778404	235699407	72	14932183	5
facebook.com	ajax/pagelet/generic.php	PhotoViewerPagelet	200	410460920	86778404	235699407	155	3927365	5
facebook.com	ajax/pagelet/generic.php	PhotoViewerPagelet	200	410427475	86778404	235699407	212	3927365	5
