dell.com	/	/	302	410465250	113622005	162015213	2	689071	3
facebook.com	dialog	apprequests	200	410461553	114325871	162049797	1	3531701	5
youtube.com	/	watch	200	410418353	100624382	162322941	101	3718815	3
youtube.com	/	results	200	410418052	100624382	162322941	31	3718815	3
youtube.com	/	watch	200	410467875	122273921	162397101	26	3718815	3
youtube.com	/	watch	200	410468057	129532828	162725205	600	3718815	3
amway.com	Shop/Product	ProductRenewStopOver.aspx	200	410414922	129642709	162808365	204	697937	3
amway.com	Shop/LOS/ajax/ajax	Amway.Core.Web.UI.PVBV.PVBVInquiryDetailControl,Amway.Core.Web.UI.Impl.ashx	200	410414331	129642709	162808365	85	697937	5
youtube.com	/	watch	200	410474714	131862584	162821925	8	3718815	3
sears.com	/	search=bicycles	200	410484248	128491722	162865701	8	677325	3
facebook.com	ajax/pagelet/generic.php	MoreStoriesPagelet	200	410454716	130778812	162866997	14	14932183	3
youtube.com	/	/	200	410422366	62558340	200777229	50	6174440	3
youtube.com	/	watch	200	410422665	62558340	200777229	60	3718815	3
youtube.com	/	watch	200	410422600	62558340	200777229	65	3718815	3
twitter.com	settings	profile	200	410470616	67699138	204122109	75	4272659	5
twitter.com	settings	profile	200	410470572	67699138	204122109	44	4272659	5
facebook.com	jessica.cox.900	photos	200	410477945	74173445	212257413	62	5713857	5
facebook.com	dialog	apprequests	200	410476986	74173445	212257413	53	3531701	5
facebook.com	ajax/home	generic.php	200	410435361	82145600	223597341	14	4408844	3
facebook.com	/	/	200	410431411	82145600	223597341	64	5713857	5
facebook.com	/	/	200	410438414	82145600	223597341	52	6056310	3
youtube.com	/	watch	200	410431510	82145600	223597341	125	3718815	3
youtube.com	/	results	200	410431635	82145600	223597341	65	3718815	3
facebook.com	/	index.php	200	410430565	82145600	223597341	120	3531701	5
facebook.com	ajax/home	generic.php	200	410438397	82145600	223597341	17	4408844	3
facebook.com	/	/	200	410459705	84870577	232044261	28	5713857	5
facebook.com	/	devin.tate.71	200	410450350	84870577	232044261	10	5713857	5
facebook.com	/	anthony.martinez.5492	200	410429950	84870577	232044261	23	5713857	5
facebook.com	/	/	200	410435104	84870577	232044261	84	5713857	5
facebook.com	/	/	200	410472207	84870577	232044261	27	5713857	5
facebook.com	Marilynmonroedimplesz	photos	200	410429850	84870577	232044261	38	5713857	5
tumblr.com	tagged/selena gomez/page	5	200	410446953	84870577	232044261	25	4499227	3
tumblr.com	/	justinbieber	200	410432304	84870577	232044261	1	4499227	3
tumblr.com	/	request	200	410432756	84870577	232044261	56	4499227	3
tumblr.com	/	inbox	200	410432347	84870577	232044261	2	4499227	3
tumblr.com	/	inbox	200	410447383	84870577	232044261	8	4499227	3
tumblr.com	tagged	selena gomez	200	410433140	84870577	232044261	4	4499227	3
tumblr.com	tagged	selena gomez	200	410433135	84870577	232044261	5	4499227	3
facebook.com	ajax/home	generic.php	200	410442427	84870577	232044261	5	4408844	5
tumblr.com	/	mypics	200	410474290	84870577	232044261	120	4499227	3
tumblr.com	/	dashboard	200	410473466	84870577	232044261	0	4499227	3
tumblr.com	/	/	302	410447374	84870577	232044261	9	4499227	3
facebook.com	/	/	200	410430520	84870577	232044261	120	5713857	5
youtube.com	/	/	200	410482503	84870577	232044261	8	6174440	3
youtube.com	/	watch	200	410432644	84870577	232044261	7	7550008	3
youtube.com	/	/	200	410476787	84870577	232044261	3	6174440	3
youtube.com	/	/	200	410481940	84870577	232044261	120	6174440	3
youtube.com	/	/	200	410439099	84870577	232044261	6	6174440	3
youtube.com	/	watch	200	410456982	84870577	232044261	85	7550008	3
youtube.com	/	watch	200	410464919	84870577	232044261	120	7550008	3
youtube.com	/	watch	200	410443323	84870577	232044261	110	7550008	3
youtube.com	/	watch	200	410437419	84870577	232044261	54	7550008	3
youtube.com	/	watch	200	410471714	84870577	232044261	120	7550008	3
youtube.com	/	/	200	410431893	84870577	232044261	3	6174440	3
facebook.com	angel.valley.1/activity	430579440347264	200	410453158	84870577	232044261	7	5713857	5
facebook.com	/	angel.valley.1	200	410451546	84870577	232044261	40	5713857	5
facebook.com	media/set	/	200	410450369	84870577	232044261	9	5713857	5
facebook.com	/	angel.valley.1	200	410459807	84870577	232044261	60	5713857	5
facebook.com	devin.tate.71	photos	200	410450360	84870577	232044261	9	5713857	5
facebook.com	angel.valley.1/activity	430579440347264	200	410453174	84870577	232044261	7	5713857	5
facebook.com	/	/	200	410474880	84870577	232044261	120	6056310	5
youtube.com	/	/	200	410435350	84870577	232044261	12	6174440	3
youtube.com	/	/	200	410457213	84870577	232044261	17	6174440	3
facebook.com	angel.valley.1/activity	430579440347264	200	410453023	84870577	232044261	3	5713857	5
facebook.com	/	angel.valley.1	200	410448458	84870577	232044261	120	3531701	5
youtube.com	user	WWEFanNation	200	410452451	84870577	232044261	3	3718815	3
youtube.com	/	CelebsInTraining	200	410475682	84870577	232044261	13	3718815	3
youtube.com	/	watch	200	410464669	84870577	232044261	119	3718815	3
youtube.com	/	watch	200	410484296	84870577	232044261	153	3718815	3
youtube.com	user/OfficialSoCaLhco888	videos	200	410475665	84870577	232044261	8	3718815	3
facebook.com	/	angel.valley.1	200	410479388	84870577	232044261	15	3531701	5
facebook.com	/	angel.valley.1	200	410478602	84870577	232044261	49	3531701	5
facebook.com	/	/	302	410477219	84870577	232044261	15	3531701	3
facebook.com	/	/	302	410442776	84870577	232044261	15	3531701	3
facebook.com	/	/	302	410434182	84870577	232044261	2	3531701	3
facebook.com	/	/	302	410478514	84870577	232044261	4	3531701	3
twitter.com	/	/	200	410433215	84870577	232044261	1	4272659	3
twitter.com	BETHBRITTBRAND/status/285976477470711810/photo	1	200	410429078	84870577	232044261	0	4272659	3
twitter.com	/	/	200	410478326	84870577	232044261	0	4272659	3
facebook.com	ajax/pagelet/generic.php	PhotoViewerPagelet	200	410448315	84870577	232044261	6	3927365	5
facebook.com	ajax/pagelet/generic.php	PhotoViewerPagelet	200	410450644	84870577	232044261	4	3927365	5
twitter.com	/	/	299	410474176	84870577	232044261	0	4272659	3
facebook.com	ajax/chat	user_info.php	200	410482815	84870577	232044261	23	4408844	5
twitter.com	/	/	200	410435079	84870577	232044261	20	4272659	3
twitter.com	/	/	200	410473326	84870577	232044261	1	4272659	3
youtube.com	channel	UCJ5v_MCY6GNUBTO8-D3XoAg	200	410452574	84870577	232044261	3	3718815	3
youtube.com	/	watch	200	410482925	84870577	232044261	40	3718815	3
youtube.com	/	my_history	200	410457230	84870577	232044261	29	3718815	3
youtube.com	/	watch	200	410463458	84870577	232044261	120	3718815	3
youtube.com	user/marysfansiteorg	videos	200	410448747	84870577	232044261	2	3718815	3
youtube.com	/	watch	200	410448738	84870577	232044261	7	3718815	3
facebook.com	ajax/pagelet/generic.php	PhotoViewerInitPagelet	200	410451480	84870577	232044261	10	3927365	5
youtube.com	/	watch	200	410453449	84870577	232044261	92	7550008	3
twitter.com	/	trustposts	200	410452407	84870577	232044261	5	8999014	5
twitter.com	/	messages	200	410431901	84870577	232044261	5	8999014	5
twitter.com	/	/	200	410435719	84870577	232044261	10	8999014	5
twitter.com	/	/	200	410433709	84870577	232044261	4	8999014	5
twitter.com	statuses/285976477470711810	retweet	200	410429097	84870577	232044261	1	8999014	5
twitter.com	search	users	200	410455373	84870577	232044261	13	8999014	5
twitter.com	/	FallenLove_	200	410430336	84870577	232044261	12	8999014	5
twitter.com	/	/	200	410482915	84870577	232044261	10	8999014	5
twitter.com	RealKurtAngle/status/285948327885934593/photo	1	200	410430165	84870577	232044261	5	8999014	5
twitter.com	DemetriaDLG	messages	200	410436449	84870577	232044261	40	8999014	5
twitter.com	/	/	200	410454878	84870577	232044261	0	8999014	5
twitter.com	BrookeTess/status/286185596559437824/photo	1	200	410473410	84870577	232044261	5	8999014	5
twitter.com	/	/	302	410476730	84870577	232044261	1	8999014	3
twitter.com	/	account	200	410435295	84870577	232044261	55	8999014	5
twitter.com	BrookeTess/status/286185596559437824/photo	1	302	410473409	84870577	232044261	1	8999014	3
twitter.com	/	/	200	410457067	84870577	232044261	39	8999014	5
twitter.com	NeverHateVelvet	following	200	410433266	84870577	232044261	10	8999014	5
twitter.com	NeverHateVelvet	following	200	410455238	84870577	232044261	8	8999014	5
twitter.com	/	/	200	410429174	84870577	232044261	23	8999014	5
twitter.com	/	/	200	410447722	84870577	232044261	41	8999014	5
facebook.com	ajax/pagelet/generic.php	MoreStoriesPagelet	200	410483114	84870577	232044261	10	14932183	5
facebook.com	ajax/pagelet/generic.php	MoreStoriesPagelet	200	410455626	84870577	232044261	17	14932183	5
facebook.com	ajax/pagelet/generic.php	MoreStoriesPagelet	200	410447675	84870577	232044261	32	14932183	5
instagram.com	/	client_error	200	410434339	84870577	232044261	2	9585106	3
instagram.com	p/T7g_6nFi7u	/	200	410434184	84870577	232044261	5	9585106	3
instagram.com	p/T7H32lJnJb	/	200	410434079	84870577	232044261	16	9585106	3
twitter.com	/	/	200	410433151	84870577	232044261	8	8999014	5
twitter.com	papayapayne/status/286138593070686209/photo	1	200	410473399	84870577	232044261	10	8999014	5
facebook.com	/	home.php	200	410447575	84870577	232044261	100	8045108	5
facebook.com	/	home.php	200	410465119	84870577	232044261	120	8045108	5
facebook.com	/	/	200	410468962	84870577	232044261	120	8047797	5
facebook.com	pages/Impact-Wrestling-Fans	389345731130644	200	410435188	84870577	232044261	1	8222324	5
twitter.com	BETHBRITTBRAND/status/285975200938459140/photo	1	302	410429165	84870577	232044261	1	8999014	3
twitter.com	/	/	200	410433110	84870577	232044261	6	8999014	5
twitter.com	/	BETHBRITTBRAND	200	410433539	84870577	232044261	20	8999014	5
youtube.com	/	watch	200	410456766	84870577	232044261	216	7550008	3
facebook.com	/	home.php	200	410483037	84870577	232044261	77	8045108	5
facebook.com	/	home.php	200	410448680	84870577	232044261	58	8045108	5
facebook.com	/	home.php	200	410462196	84870577	232044261	36	8045108	5
facebook.com	/	home.php	200	410474451	84870577	232044261	105	8045108	5
youtube.com	/	watch	200	410445714	84870577	232044261	15	7550008	3
twitter.com	/	/	302	410482887	84870577	232044261	14	8999014	3
twitter.com	/	search	200	410436756	84870577	232044261	34	8999014	5
twitter.com	NeverHateVelvet	following	200	410433297	84870577	232044261	17	8999014	5
twitter.com	/	/	200	410455135	84870577	232044261	8	8999014	5
twitter.com	/	/	200	410432095	84870577	232044261	3	8999014	5
twitter.com	/	/	200	410450862	84870577	232044261	11	8999014	5
twitter.com	LovaticLady	messages	200	410430414	84870577	232044261	4	8999014	5
twitter.com	BrookeTess/status/285965018023997440/photo	1	200	410434159	84870577	232044261	11	8999014	5
twitter.com	statuses/260267869202432000	favorite	302	410455176	84870577	232044261	8	8999014	5
twitter.com	SergTNAKOM/status/285991969342255105/photo	1	200	410428733	84870577	232044261	9	8999014	5
twitter.com	/	account	200	410430348	84870577	232044261	5	8999014	5
twitter.com	/	/	302	410455134	84870577	232044261	1	8999014	3
twitter.com	/	/	200	410476043	84870577	232044261	10	8999014	5
twitter.com	/	/	200	410446738	84870577	232044261	6	8999014	5
twitter.com	/	messages	200	410482279	84870577	232044261	6	8999014	5
twitter.com	/	legacylovato	200	410432001	84870577	232044261	25	8999014	5
youtube.com	/	watch	200	410409606	86377114	234036573	26	3718815	3
facebook.com	/	preety.saikia.792	200	410436485	85999710	237598149	4	5713857	5
facebook.com	KISSTAR/posts	226065040861713	200	410438693	85999710	237598149	5	5713857	5
facebook.com	KISSTAR/posts	278481142274833	200	410483372	85999710	237598149	10	5713857	5
facebook.com	maris.brood.10/posts	374097846019001	200	410480516	85999710	237598149	6	5713857	5
facebook.com	/	KISSTAR	200	410408644	85999710	237598149	6	5713857	5
facebook.com	/	/	200	410446521	85999710	237598149	10	5713857	5
facebook.com	KISSTAR/posts	113880045450372	200	410453884	85999710	237598149	9	5713857	5
facebook.com	/	/	200	410426169	85999710	237598149	120	5713857	5
facebook.com	sithquotes	/	200	410438485	85999710	237598149	2	4761456	5
facebook.com	sithquotes	published.php	200	410443135	85999710	237598149	2	4761456	5
facebook.com	gloryofrome	/	200	410432996	85999710	237598149	5	4761456	5
facebook.com	gloryofrome	/	200	410420066	85999710	237598149	4	4761456	5
facebook.com	sithquotes	published.php	200	410423164	85999710	237598149	1	4761456	5
facebook.com	/	/	200	410421864	85999710	237598149	175	5713857	5
facebook.com	gloryofrome	/	200	410425299	85999710	237598149	3	4761456	5
facebook.com	THEELDER1/posts	529879897035860	200	410452239	85999710	237598149	5	5713857	5
facebook.com	/	KISSTAR	200	410444300	85999710	237598149	5	5713857	5
facebook.com	/	KISSTAR	200	410443355	85999710	237598149	6	5713857	5
facebook.com	/	/	200	410423788	85999710	237598149	4	5713857	5
facebook.com	/	KISSTAR	200	410426150	85999710	237598149	9	5713857	5
facebook.com	ajax/pagelet/generic.php	TimelinePhotosAlbumPagelet	200	410437818	85999710	237598149	13	5713857	5
facebook.com	KISSTAR/posts	4768921534552	200	410411071	85999710	237598149	305	5713857	5
facebook.com	/	rydaninjette187	200	410434241	85999710	237598149	5	5713857	5
facebook.com	KISSTAR/posts	4769485788658	200	410419618	85999710	237598149	5	5713857	5
facebook.com	KISSTAR/posts	516236498409017	200	410454078	85999710	237598149	6	5713857	5
facebook.com	/	KISSTAR	200	410471676	85999710	237598149	27	5713857	5
facebook.com	KISSTAR/posts	120817838085700	200	410448224	85999710	237598149	17	5713857	5
facebook.com	THEELDER1/posts	287954654641550	200	410450166	85999710	237598149	121	5713857	5
facebook.com	KISSTAR/posts	226065040861713	200	410437186	85999710	237598149	42	5713857	5
facebook.com	/	/	200	410412467	85999710	237598149	38	5713857	5
facebook.com	/	/	200	410484368	85999710	237598149	67	5713857	5
facebook.com	KISSTAR/posts	176030452521430	200	410485350	85999710	237598149	66	5713857	5
facebook.com	dialog	apprequests	200	410415428	85999710	237598149	120	3531701	5
facebook.com	HeatherLeigh1/posts	428795220520572	200	410443989	85999710	237598149	120	3531701	5
facebook.com	xxbastila.shanxx/posts	118276051674921	200	410433107	85999710	237598149	120	3531701	5
facebook.com	/	KISSTAR	200	410482769	85999710	237598149	120	3531701	5
facebook.com	dialog	apprequests	200	410415275	85999710	237598149	18	3531701	5
facebook.com	dialog	apprequests	200	410439040	85999710	237598149	5	3531701	5
facebook.com	/	/	200	410436424	85999710	237598149	8	3531701	5
deviantart.com	store	/	200	410405437	85999710	237598149	32	906908	3
facebook.com	ajax/pagelet/generic.php	PhotoViewerInitPagelet	200	410446531	85999710	237598149	9	3927365	5
facebook.com	ajax/pagelet/generic.php	PhotoViewerInitPagelet	200	410424676	85999710	237598149	120	3927365	5
facebook.com	ajax/pagelet/generic.php	PhotoViewerInitPagelet	200	410479077	85999710	237598149	18	3927365	5
facebook.com	ajax/pagelet/generic.php	PhotoViewerInitPagelet	200	410431089	85999710	237598149	16	3927365	5
facebook.com	ajax/pagelet/generic.php	PhotoViewerInitPagelet	200	410411677	85999710	237598149	106	3927365	5
facebook.com	ajax/pagelet/generic.php	PhotoViewerInitPagelet	200	410424345	85999710	237598149	120	3927365	5
facebook.com	ajax/pagelet/generic.php	PhotoViewerInitPagelet	200	410479160	85999710	237598149	18	3927365	5
youtube.com	/	watch	200	410437041	85999710	237598149	41	3718815	3
facebook.com	dialog	apprequests	200	410417178	85999710	237598149	11	3531701	5
facebook.com	dialog	apprequests	200	410415391	85999710	237598149	4	3531701	5
facebook.com	THEELDER1/posts	529879897035860	200	410451529	85999710	237598149	1	3531701	5
facebook.com	media/set	/	200	410438216	85999710	237598149	2	3531701	5
facebook.com	/	YourVoiceCountsAdopt	302	410483185	85999710	237598149	7	3531701	3
facebook.com	dialog	apprequests	200	410415241	85999710	237598149	7	3531701	5
facebook.com	/	cleanatomdwhite	200	410425009	85999710	237598149	11	3531701	5
facebook.com	dialog	apprequests	200	410415256	85999710	237598149	19	3531701	5
facebook.com	ajax/pagelet/generic.php	PhotoViewerInitPagelet	200	410409913	85999710	237598149	20	3927365	5
facebook.com	ajax/pagelet/generic.php	PhotoViewerInitPagelet	200	410484463	85999710	237598149	120	3927365	5
facebook.com	ajax/pagelet/generic.php	ProfileTimelineSectionPagelet	200	410452576	85999710	237598149	11	13704975	5
facebook.com	ajax/pagelet/generic.php	ProfileTimelineSectionPagelet	200	410448246	85999710	237598149	120	13704975	5
facebook.com	ajax/pagelet/generic.php	ProfileTimelineSectionPagelet	200	410443072	85999710	237598149	9	13704975	5
facebook.com	ajax/pagelet/generic.php	ProfileTimelineSectionPagelet	200	410457819	85999710	237598149	41	13704975	5
facebook.com	ajax/pagelet/generic.php	ProfileTimelineSectionPagelet	200	410449641	85999710	237598149	120	13704975	5
facebook.com	ajax/pagelet/generic.php	ProfileTimelineSectionPagelet	200	410453372	85999710	237598149	85	13704975	5
facebook.com	ajax/pagelet/generic.php	MoreStoriesPagelet	200	410432758	85999710	237598149	120	14932183	5
facebook.com	ajax/pagelet/generic.php	MoreStoriesPagelet	200	410438186	85999710	237598149	14	14932183	5
facebook.com	ajax/pagelet/generic.php	MoreStoriesPagelet	200	410445634	85999710	237598149	8	14932183	5
facebook.com	ajax/pagelet/generic.php	MoreStoriesPagelet	200	410425758	85999710	237598149	11	14932183	5
facebook.com	ajax/pagelet/generic.php	MoreStoriesPagelet	200	410434031	85999710	237598149	101	14932183	5
facebook.com	ajax/pagelet/generic.php	MoreStoriesPagelet	200	410444651	85999710	237598149	6	14932183	5
facebook.com	ajax/pagelet/generic.php	MoreStoriesPagelet	200	410446164	85999710	237598149	25	14932183	5
facebook.com	ajax/pagelet/generic.php	ProfileTimelineSectionPagelet	200	410430953	85999710	237598149	10	13704975	5
facebook.com	ajax/pagelet/generic.php	ProfileTimelineSectionPagelet	200	410452757	85999710	237598149	9	13704975	5
facebook.com	ajax/pagelet/generic.php	ProfileTimelineSectionPagelet	200	410439368	85999710	237598149	7	13704975	5
facebook.com	ajax/pagelet/generic.php	ProfileTimelineSectionPagelet	200	410445240	85999710	237598149	7	13704975	5
facebook.com	ajax/pagelet/generic.php	MoreStoriesPagelet	200	410452591	85999710	237598149	11	14932183	5
facebook.com	ajax/pagelet/generic.php	MoreStoriesPagelet	200	410433386	85999710	237598149	83	14932183	5
facebook.com	ajax/home	generic.php	200	410434525	85999710	237598149	23	14394902	5
facebook.com	ajax/pagelet/generic.php	ProfileTimelineSectionPagelet	200	410438147	85999710	237598149	6	13704975	5
facebook.com	/	KevinSorbo	200	410445554	85999710	237598149	4	8222324	5
facebook.com	pages/I-am-the-99	169639109784150	200	410421821	85999710	237598149	3	8222324	5
facebook.com	onthefarm	reward.php	200	410485187	85999710	237598149	14	7212428	5
facebook.com	onthefarm	reward.php	200	410433607	85999710	237598149	5	7212428	5
facebook.com	onthefarm	reward.php	200	410430556	85999710	237598149	11	7212428	5
facebook.com	onthefarm	reward.php	200	410435543	85999710	237598149	83	7212428	5
facebook.com	onthefarm	reward.php	200	410483397	85999710	237598149	9	7212428	5
facebook.com	onthefarm	reward.php	200	410433469	85999710	237598149	10	7212428	5
facebook.com	onthefarm	reward.php	200	410484676	85999710	237598149	7	7212428	5
facebook.com	onthefarm	session.php	200	410429310	85999710	237598149	120	7212428	5
pinterest.com	/	/	200	410448775	53992679	239007141	13	9768885	3
pinterest.com	/	/	200	410448464	53992679	239007141	37	9768885	3
facebook.com	ajax/pagelet/generic.php	ProfileTimelineSectionPagelet	200	410474310	53992679	239007141	10	13704975	5
facebook.com	ajax/pagelet/generic.php	ProfileTimelineSectionPagelet	200	410442534	53992679	239007141	5	13704975	5
pinterest.com	/	/	200	410448386	53992679	239007141	78	9768885	3
facebook.com	ajax/pagelet/generic.php	MoreStoriesPagelet	200	410443867	53992679	239007141	20	14932183	5
facebook.com	ajax/pagelet/generic.php	MoreStoriesPagelet	200	410469202	53992679	239007141	16	14932183	5
facebook.com	ajax/pagelet/generic.php	MoreStoriesPagelet	200	410443831	53992679	239007141	36	14932183	5
facebook.com	ajax/pagelet/generic.php	MoreStoriesPagelet	200	410484378	53992679	239007141	13	14932183	5
facebook.com	ajax/pagelet/generic.php	MoreStoriesPagelet	200	410443944	53992679	239007141	51	14932183	5
facebook.com	ajax/pagelet/generic.php	MoreStoriesPagelet	200	410472419	53992679	239007141	61	14932183	5
facebook.com	ajax/pagelet/generic.php	PhotoViewerInitPagelet	200	410474329	53992679	239007141	20	3927365	5
