youtube.com	/	results	200	410431317	127434445	162619905	18	3718815	3
youtube.com	/	watch	200	410431347	127434445	162619905	65	7549991	3
youtube.com	/	/	200	410431173	127434445	162619905	34	6174440	3
youtube.com	/	watch	200	410418232	127961177	162653337	69	3718815	3
facebook.com	ajax/pagelet/generic.php	TimelinePhotosStreamPagelet	200	410409874	128140021	162657417	22	5713857	5
facebook.com	happy-hospital	/	200	410410062	128140021	162657417	120	4761456	5
facebook.com	ajax/pagelet/generic.php	PhotoViewerInitPagelet	200	410409852	128140021	162657417	22	3927365	5
facebook.com	/	index.php	200	410409928	128140021	162657417	51	3531701	5
facebook.com	sarah.d.bates	photos_stream	200	410409840	128140021	162657417	12	5713857	5
youtube.com	user	InsidersNetwork	200	410453764	128549842	162672129	99	3718815	3
youtube.com	/	/	200	410412656	128795033	162697473	25	6174440	3
facebook.com	/	/	200	410404205	131578318	162816345	120	6056310	5
facebook.com	happy-pets	/	200	410408962	121414157	162865185	2	10163369	3
facebook.com	groups/235836933121574/doc/488584224513509	/	200	410467448	78516055	218555697	60	14394903	5
facebook.com	ajax/pagelet/generic.php	ProfileTimelineSectionPagelet	200	410466006	78516055	218555697	70	13704975	5
facebook.com	ajax/pagelet/generic.php	ProfileTimelineSectionPagelet	200	410472637	78516055	218555697	11	13704975	5
facebook.com	ajax/pagelet/generic.php	ProfileTimelineSectionPagelet	200	410470592	78516055	218555697	16	13704975	5
facebook.com	ajax/pagelet/generic.php	ProfileTimelineSectionPagelet	200	410466076	78516055	218555697	103	13704975	5
facebook.com	ajax/pagelet/generic.php	PhotoViewerInitPagelet	200	410471065	78516055	218555697	18	3927365	5
facebook.com	/	KIDDGRADYKIDD	200	410471454	78516055	218555697	35	3531701	5
facebook.com	/	joelle.rutledge	200	410465997	78516055	218555697	9	5713857	5
facebook.com	/	/	200	410472288	78516055	218555697	50	5713857	5
facebook.com	/	deactivate.php	200	410471824	78516055	218555697	2	3531701	5
facebook.com	/	pedro.nicacio.3	200	410471385	78516055	218555697	4	3531701	5
facebook.com	/	uriel.santamaria	200	410472763	78516055	218555697	6	3531701	5
facebook.com	/	/	200	410470518	78516055	218555697	25	3531701	5
facebook.com	/	mauri.castro.79	200	410472472	78516055	218555697	164	3531701	5
facebook.com	/	brie.babich	200	410470699	78516055	218555697	1	8222324	3
instagram.com	p/T9IBnRBjoM	/	200	410475161	78516055	218555697	120	9585106	3
facebook.com	ajax/pagelet/generic.php	ProfileTimelineSectionPagelet	200	410408557	78516055	218555697	40	13704975	5
facebook.com	ajax/pagelet/generic.php	ProfileTimelineSectionPagelet	200	410473254	78516055	218555697	18	13704975	5
facebook.com	/	kimberly.candiano	200	410471631	78516055	218555697	3	5713857	5
facebook.com	/	deactivate.php	200	410470764	78516055	218555697	19	5713857	5
facebook.com	messages	100001325168208	200	410471752	78516055	218555697	69	5713857	5
facebook.com	notes/phyllis-ford/word-of-the-lord-2013-part-i-by-prophet-phyllis-ford	397317433690541	200	410463963	78516055	218555697	120	5713857	5
facebook.com	settings	/	200	410471826	78516055	218555697	1	5713857	5
facebook.com	/	/	200	410426076	78516055	218555697	120	6056310	5
facebook.com	/	/	200	410470799	78516055	218555697	93	6056310	5
facebook.com	/	/	200	410447326	85688449	238619889	78	6056310	5
facebook.com	/	clayton.powers.9	200	410466756	85688449	238619889	4	8222324	5
facebook.com	ajax/pagelet/generic.php	MoreStoriesPagelet	200	410447404	85688449	238619889	154	14932183	5
facebook.com	ajax/pagelet/generic.php	ProfileTimelineSectionPagelet	200	410400074	85688449	238619889	28	13704975	5
facebook.com	/	index.php	200	410448156	85688449	238619889	60	3531701	5
facebook.com	ajax/home	generic.php	200	410466400	85688449	238619889	79	4408844	5
