youtube.com	/	watch	200	410414739	90857519	160867936	33	3718815	3
youtube.com	/	/	200	410484048	111675951	161722816	3	6174440	3
youtube.com	/	watch	200	410483880	111675951	161722816	2	3718815	3
youtube.com	/	watch	200	410431252	113665801	162012520	60	3718815	3
facebook.com	ajax/pagelet/generic.php	ProfileTimelineSectionPagelet	200	410401646	116304237	162136576	7	13704975	3
youtube.com	/	watch	200	410475501	122284530	162395032	65	3718815	3
youtube.com	/	results	200	410413157	130177673	162753016	31	3718815	3
youtube.com	/	watch	200	410412864	130177673	162753016	39	6928214	3
youtube.com	/	results	200	410413139	130177673	162753016	18	3718815	3
youtube.com	/	results	200	410413188	130177673	162753016	13	3718815	3
target.com	/	/	200	410449496	133142296	162871792	3	689378	3
toysrus.com	search	index.jsp	200	410456302	133142296	162871792	120	678705	3
target.com	c/bottoms-girls-clothing-kids/-	SearchNavigationView	200	410449586	133142296	162871792	21	689378	3
youtube.com	/	watch	200	410402675	131605178	162924136	443	3718815	3
facebook.com	godwantsyouprod	/	200	410474684	67972644	206271904	14	4761456	5
facebook.com	/	/	200	410406148	61553537	206590840	99	5713857	5
facebook.com	/	belverly.cooper	200	410405886	61553537	206590840	13	5713857	5
facebook.com	/	chanel.williams.3386	200	410406583	61553537	206590840	9	5713857	5
facebook.com	MEATI065	photos	200	410405779	61553537	206590840	3	5713857	5
facebook.com	/	/	200	410406620	61553537	206590840	120	5713857	5
facebook.com	/	kelly.clements.355	200	410407171	61553537	206590840	3	8222324	5
facebook.com	/	terry.copper.7	200	410407026	61553537	206590840	70	8222324	5
facebook.com	ajax/pagelet/generic.php	ProfileTimelineSectionPagelet	200	410406614	61553537	206590840	6	13704975	5
facebook.com	ajax/pagelet/generic.php	ProfileTimelineSectionPagelet	200	410406535	61553537	206590840	8	13704975	5
facebook.com	ajax/pagelet/generic.php	MoreStoriesPagelet	200	410400180	61553537	206590840	70	14932183	5
facebook.com	/	Leatrice05	200	410405551	61553537	206590840	29	5713857	5
facebook.com	ajax/pagelet/generic.php	PhotoViewerInitPagelet	200	410400795	61553537	206590840	25	3927365	5
amazon.com	ap	signin?_encoding=UTF8&openid.assoc_handle=usamazon&openid.claimed_id=http:	200	410467572	17645565	215327704	1	671065	5
amazon.com	gp	b	200	410400707	17645565	215327704	32	671065	3
coupons.com	coupons	/	200	410464649	17645565	215327704	6	724074	3
shopathome.com	/	framesetout.aspx	302	410466535	17645565	215327704	4	690542	3
facebook.com	/	/	302	410417076	83437434	230155000	22	6056310	3
youtube.com	/	watch	200	410416244	83437434	230155000	92	3718815	3
youtube.com	/	watch	200	410416484	83437434	230155000	255	3718815	3
facebook.com	ajax/pagelet/generic.php	MoreStoriesPagelet	200	410483003	83881543	230565616	48	14932183	5
facebook.com	ajax/pagelet/generic.php	MoreStoriesPagelet	200	410408609	83881543	230565616	30	14932183	5
facebook.com	ajax/pagelet/generic.php	MoreStoriesPagelet	200	410408673	83881543	230565616	26	14932183	5
facebook.com	ajax/pagelet/generic.php	MoreStoriesPagelet	200	410462538	83881543	230565616	44	14932183	5
facebook.com	ajax/pagelet/generic.php	MoreStoriesPagelet	200	410482893	83881543	230565616	86	14932183	5
facebook.com	/	/	200	410408350	83881543	230565616	27	6056310	5
facebook.com	/	/	200	410462510	83881543	230565616	17	3531701	5
facebook.com	/	index.php	200	410417469	83881543	230565616	60	3531701	5
facebook.com	dialog	apprequests	200	410461920	83881543	230565616	37	3531701	5
facebook.com	/	jamie.heacock	200	410462750	83881543	230565616	2	3531701	3
facebook.com	ajax/typeahead	search.php	200	410483277	83881543	230565616	9	4408844	5
facebook.com	marrisabell.elizabeth	photos	200	410483448	83881543	230565616	10	5713857	5
facebook.com	ajax/pagelet/generic.php	PhotoViewerPagelet	200	410485518	85168594	232632328	23	3927365	5
facebook.com	ajax/pagelet/generic.php	PhotoViewerPagelet	200	410485619	85168594	232632328	16	3927365	5
facebook.com	ajax/pagelet/generic.php	PhotoViewerInitPagelet	200	410485435	85168594	232632328	7	3927365	5
facebook.com	/	/	200	410485091	85168594	232632328	82	6056310	5
finishline.com	store/product/jordan-son-of-mars-mens-basketball-shoes/_	A-26438	200	410484690	85168594	232632328	4	708595	3
finishline.com	store	product	200	410484802	85168594	232632328	4	708595	3
facebook.com	media/set	/	200	410419996	85992465	236614552	3	5713857	5
facebook.com	sarah.hollenbeck.146	photos_albums	200	410419704	85992465	236614552	11	5713857	5
facebook.com	ajax/pagelet/generic.php	PhotoViewerPagelet	200	410419819	85992465	236614552	28	3927365	5
