youtube.com	/	watch	200	410479638	111838937	161601802	1	3718815	3
twitter.com	/	/	200	410478627	111838937	161601802	43	4272659	5
youtube.com	/	results	200	410431063	108437996	161940082	10	3718815	3
youtube.com	/	results	200	410431297	108437996	161940082	31	3718815	3
youtube.com	/	/	200	410428824	108437996	161940082	35	6174440	3
facebook.com	ajax/pagelet/generic.php	PhotoViewerPagelet	200	410476093	121926984	162406690	246	3927365	5
facebook.com	ajax/pagelet/generic.php	MoreStoriesPagelet	200	410436199	126561658	162893050	119	14932183	5
facebook.com	events	list	200	410436461	126561658	162893050	71	5713857	5
twitter.com	/	following	200	410480158	130995916	162893290	5	4272659	5
facebook.com	ajax/pagelet/generic.php	PhotoViewerInitPagelet	200	410477106	68916323	206121970	210	3927365	5
facebook.com	/	/	200	410469718	68916323	206121970	24	3531701	5
facebook.com	ajax/pagelet/generic.php	PhotoViewerPagelet	200	410478651	68916323	206121970	120	3927365	5
facebook.com	messages	/	200	410476351	68916323	206121970	50	11157922	5
facebook.com	ajax/pagelet/generic.php	MoreStoriesPagelet	200	410400430	68916323	206121970	33	14932183	5
facebook.com	ajax/pagelet/generic.php	MoreStoriesPagelet	200	410477007	68916323	206121970	38	14932183	5
facebook.com	/	/	200	410471150	68916323	206121970	21	3531701	5
facebook.com	ajax/pagelet/generic.php	MoreStoriesPagelet	200	410424485	72095636	211421818	120	14932183	5
facebook.com	ajax/pagelet/generic.php	MoreStoriesPagelet	200	410473869	72095636	211421818	14	14932183	5
facebook.com	ajax/home	generic.php	200	410429496	72095636	211421818	5	4408844	5
facebook.com	ajax/home	generic.php	200	410429202	72095636	211421818	14	4408844	5
youtube.com	/	watch	200	410424050	72095636	211421818	249	3718815	3
youtube.com	/	watch	200	410422723	72095636	211421818	22	3718815	3
facebook.com	ajax/home	generic.php	200	410424419	72095636	211421818	59	4408844	5
facebook.com	ajax/home	generic.php	200	410429319	72095636	211421818	27	4408844	5
facebook.com	ajax/home	generic.php	200	410428352	72095636	211421818	28	4408844	5
facebook.com	ajax/pagelet/generic.php	MoreStoriesPagelet	200	410479779	82651596	225063826	26	14932183	3
facebook.com	ajax/pagelet/generic.php	MoreStoriesPagelet	200	410414642	82651596	225063826	21	14932183	3
facebook.com	ajax/pagelet/generic.php	MoreStoriesPagelet	200	410484245	82651596	225063826	7	14932183	3
facebook.com	ajax/pagelet/generic.php	MoreStoriesPagelet	200	410400745	82651596	225063826	9	14932183	3
facebook.com	ajax/pagelet/generic.php	MoreStoriesPagelet	200	410466553	82651596	225063826	40	14932183	3
facebook.com	ajax/pagelet/generic.php	MoreStoriesPagelet	200	410484425	82651596	225063826	36	14932183	3
facebook.com	ajax/pagelet/generic.php	MoreStoriesPagelet	200	410476314	82651596	225063826	7	14932183	3
facebook.com	ajax/pagelet/generic.php	MoreStoriesPagelet	200	410484669	82651596	225063826	9	14932183	3
facebook.com	ajax/pagelet/generic.php	MoreStoriesPagelet	200	410425513	82651596	225063826	9	14932183	3
facebook.com	ajax/pagelet/generic.php	MoreStoriesPagelet	200	410484640	82651596	225063826	7	14932183	3
facebook.com	ajax/pagelet/generic.php	MoreStoriesPagelet	200	410400740	82651596	225063826	5	14932183	3
facebook.com	ajax/pagelet/generic.php	MoreStoriesPagelet	200	410479657	82651596	225063826	28	14932183	3
facebook.com	ajax/pagelet/generic.php	MoreStoriesPagelet	200	410484581	82651596	225063826	11	14932183	3
facebook.com	ajax/pagelet/generic.php	MoreStoriesPagelet	200	410414285	82651596	225063826	6	14932183	3
facebook.com	ajax/pagelet/generic.php	MoreStoriesPagelet	200	410478932	82651596	225063826	92	14932183	3
facebook.com	ajax/pagelet/generic.php	MoreStoriesPagelet	200	410479069	82651596	225063826	6	14932183	3
facebook.com	ajax/pagelet/generic.php	MoreStoriesPagelet	200	410483611	82651596	225063826	51	14932183	3
facebook.com	ajax/pagelet/generic.php	MoreStoriesPagelet	200	410476292	82651596	225063826	12	14932183	3
facebook.com	/	/	200	410414160	82651596	225063826	6	5713857	3
facebook.com	liltonytone	friends	200	410478644	82651596	225063826	10	5713857	3
facebook.com	/	/	200	410483477	82651596	225063826	113	6056310	3
facebook.com	/	coco.simms	200	410416277	82651596	225063826	17	3531701	5
facebook.com	pages	create.php	200	410416583	82651596	225063826	120	3531701	3
facebook.com	/	babu.borgohain.7	200	410483882	82651596	225063826	58	3531701	3
facebook.com	register	confirm.php	200	410416729	82651596	225063826	600	3531701	3
youtube.com	/	results	200	410409662	82651596	225063826	9	3718815	3
facebook.com	ajax/pagelet/generic.php	MoreStoriesPagelet	200	410479600	82651596	225063826	5	14932183	3
facebook.com	ajax/pagelet/generic.php	MoreStoriesPagelet	200	410414130	82651596	225063826	4	14932183	3
facebook.com	ajax/pagelet/generic.php	MoreStoriesPagelet	200	410425469	82651596	225063826	7	14932183	3
facebook.com	ajax/pagelet/generic.php	MoreStoriesPagelet	200	410484738	82651596	225063826	19	14932183	3
facebook.com	/	shayona.anderson	200	410400384	82651596	225063826	5	8222324	3
urbanoutfitters.com	urban	index.jsp	200	410466318	84881809	232026202	15	843471	3
amazon.com	Del-Rossa-Classic-Pajama-A0756BLKLG/dp	B0047F1R6K	200	410413039	84881809	232026202	7	671065	3
amazon.com	/	b	200	410413199	84881809	232026202	13	671065	3
facebook.com	/	travis.provencher.1	200	410416826	84881809	232026202	2	5713857	3
facebook.com	ajax/pagelet/generic.php	MoreStoriesPagelet	200	410465779	84881809	232026202	25	14932183	3
facebook.com	/	aaron.bernal.73	200	410418269	84881809	232026202	5	8222324	3
amazon.com	/	s	200	410413072	84881809	232026202	21	671065	3
facebook.com	ajax/pagelet/generic.php	MoreStoriesPagelet	200	410410872	84681409	232145698	60	14932183	5
facebook.com	/	/	302	410410464	84681409	232145698	5	6056310	3
