facebook.com	/	/	200	410464106	93904250	161144935	30	6056310	5
facebook.com	dialog	apprequests	200	410464782	93904250	161144935	17	3531701	5
facebook.com	/	index.php	200	410464037	93904250	161144935	69	3531701	5
facebook.com	dialog	apprequests	200	410464872	93904250	161144935	1	3531701	5
facebook.com	dialog	apprequests	200	410464873	93904250	161144935	120	3531701	5
facebook.com	dialog	apprequests	200	410464812	93904250	161144935	60	3531701	5
facebook.com	dialog	apprequests	200	410464799	93904250	161144935	13	3531701	5
facebook.com	dialog	apprequests	200	410464776	93904250	161144935	6	3531701	5
facebook.com	ajax/pagelet/generic.php	PhotoViewerInitPagelet	200	410464136	93904250	161144935	88	3927365	5
facebook.com	rescue_party	/	200	410464224	93904250	161144935	4	4761456	5
youtube.com	/	watch	200	410481788	104734659	161386783	25	3718815	3
amazon.com	gp/product	0615197191	200	410485794	104734659	161386783	11	671065	3
amazon.com	gp/product	1419705849	200	410472334	112267767	161839783	19	671065	3
youtube.com	/	watch	200	410477048	113775306	162031447	24	3718815	3
youtube.com	/	watch	200	410477072	113775306	162031447	44	3718815	3
twitter.com	/	/	200	410416984	119721742	162275527	120	4272659	5
myspace.com	/	/	200	410416722	119721742	162275527	12	705996	3
myspace.com	/	578480135	200	410416771	119721742	162275527	120	705996	3
myspace.com	/	/	200	410416742	119721742	162275527	29	705996	3
amazon.com	/	ref=nb_sb_noss_null	200	410473767	119721742	162275527	11	671065	3
amazon.com	/	s	200	410473851	119721742	162275527	12	671065	3
amazon.com	/	s	200	410473751	119721742	162275527	12	671065	3
amazon.com	United-National-Diamond-Crystal-Protector/dp/B00A0XWR5I	undefined	200	410473907	119721742	162275527	13	671065	3
amazon.com	/	ref=nb_sb_noss_null	200	410473796	119721742	162275527	55	671065	3
amazon.com	/	s	200	410473939	119721742	162275527	542	671065	3
amazon.com	s	undefined	302	410473791	119721742	162275527	5	671065	3
amazon.com	United-National-Diamond-Crystal-Protector/dp	B00A0XWR5I	200	410473881	119721742	162275527	8	671065	3
amazon.com	s	undefined	302	410473763	119721742	162275527	4	671065	3
amazon.com	/	ref=nb_sb_noss_null	200	410473863	119721742	162275527	14	671065	3
amazon.com	gp/product/du	mbc-seller-information.html	200	410473920	119721742	162275527	19	671065	3
amazon.com	/	s	200	410473778	119721742	162275527	13	671065	3
youtube.com	/	watch	200	410411829	119721742	162275527	120	3718815	3
youtube.com	/	watch	200	410415387	119721742	162275527	120	3718815	3
youtube.com	/	watch	200	410460235	119721742	162275527	120	3718815	3
youtube.com	/	results	200	410468597	120955607	162409999	24	3718815	3
youtube.com	/	watch	200	410468625	120955607	162409999	36	3718815	3
youtube.com	/	/	200	410468556	120955607	162409999	41	15276118	3
facebook.com	login	identify	200	410470098	126312789	162586975	0	12438930	5
facebook.com	login	identify	302	410470198	126312789	162586975	0	12438930	3
facebook.com	/	login.php	200	410470093	126312789	162586975	4	12438930	5
facebook.com	login	identify	302	410470098	126312789	162586975	100	12438930	3
facebook.com	recover	initiate	302	410470097	126312789	162586975	1	3531701	3
facebook.com	recover	initiate	302	410470198	126312789	162586975	1	3531701	3
facebook.com	login	identify	200	410470199	126312789	162586975	120	12438930	5
facebook.com	/	unsupportedbrowser	302	410414624	128199865	162655207	20	3531701	3
youtube.com	/	/	200	410418932	128898444	162691087	15	6174440	3
youtube.com	/	results	200	410418947	128898444	162691087	6	3718815	3
youtube.com	/	watch	200	410418953	128898444	162691087	120	3718815	3
youtube.com	/	watch	200	410418349	126706515	162701935	77	3718815	3
youtube.com	/	/	200	410425894	126706515	162701935	37	6174440	3
youtube.com	/	/	200	410417670	126706515	162701935	5	6174440	3
youtube.com	/	results	200	410425931	126706515	162701935	10	3718815	3
youtube.com	/	watch	200	410422077	126706515	162701935	1	3718815	3
youtube.com	/	watch	200	410425941	126706515	162701935	600	3718815	3
youtube.com	/	results	200	410421976	126706515	162701935	1	3718815	3
youtube.com	/	results	200	410418271	126706515	162701935	8	3718815	3
shopathome.com	discounts_and_coupons	default-brand.aspx	200	410425588	126706515	162701935	18	690542	3
deviantart.com	/	/	200	410478537	129333504	162717055	37	8923920	3
youtube.com	/	watch	200	410485747	129920305	162737983	60	3718815	3
youtube.com	/	watch	200	410485675	129920305	162737983	72	3718815	3
youtube.com	/	watch	200	410485449	129920305	162737983	226	3718815	3
youtube.com	/	/	200	410485426	129920305	162737983	23	6174440	3
youtube.com	channel	HCtnHdj3df7iM	200	410406711	124184724	162781663	33	3718815	3
youtube.com	user	bennyrodriguez2829	200	410406768	124184724	162781663	4	3718815	3
youtube.com	user/bennyrodriguez2829	feed	200	410406781	124184724	162781663	48	3718815	3
youtube.com	user/bennyrodriguez2829	videos	200	410406777	124184724	162781663	4	3718815	3
youtube.com	channel	HCtnHdj3df7iM	200	410407098	124184724	162781663	1	3718815	3
youtube.com	user/bennyrodriguez2829	videos	200	410406775	124184724	162781663	2	3718815	3
youtube.com	/	results	200	410406744	124184724	162781663	24	3718815	3
youtube.com	user/bennyrodriguez2829	feed	200	410406772	124184724	162781663	3	3718815	3
youtube.com	/	watch	200	410406835	124184724	162781663	120	3718815	3
youtube.com	/	results	200	410406829	124184724	162781663	6	3718815	3
youtube.com	/	/	200	410423149	131783216	162817087	15	6174440	3
youtube.com	/	watch	200	410432258	131783216	162817087	268	3718815	3
youtube.com	/	watch	200	410432526	131783216	162817087	120	3718815	3
youtube.com	/	watch	200	410423227	131783216	162817087	31	3718815	3
youtube.com	/	watch	200	410423164	131783216	162817087	37	3718815	3
youtube.com	/	watch	200	410423258	131783216	162817087	60	3718815	3
youtube.com	/	watch	200	410423201	131783216	162817087	26	3718815	3
twitter.com	/	/	200	410468914	132053439	162832543	27	4272659	3
twitter.com	login	captcha	200	410469038	132053439	162832543	8	4272659	5
twitter.com	/	sessions	302	410468960	132053439	162832543	78	4272659	5
youtube.com	/	/	200	410431624	128076434	162865759	26	6174440	3
youtube.com	/	results	200	410422954	63304125	200957527	14	3718815	3
youtube.com	/	results	200	410422943	63304125	200957527	11	3718815	3
youtube.com	/	watch	200	410422968	63304125	200957527	120	7549991	3
amazon.com	/	/	200	410485173	63567753	205295743	60	671065	3
facebook.com	/	/	200	410459834	63567753	205295743	120	6056310	5
facebook.com	/	/	200	410480245	63567753	205295743	16	6056310	5
facebook.com	/	/	200	410472783	63567753	205295743	29	6056310	5
youtube.com	/	/	200	410415378	63567753	205295743	1	6174440	3
youtube.com	/	/	200	410475539	63567753	205295743	120	6174440	3
youtube.com	/	/	200	410460223	63567753	205295743	120	6174440	3
youtube.com	/	/	200	410464727	63567753	205295743	10	6174440	3
youtube.com	/	/	200	410415947	63567753	205295743	4	6174440	3
youtube.com	/	/	200	410474580	63567753	205295743	3	6174440	3
youtube.com	/	/	200	410415379	63567753	205295743	12	6174440	3
facebook.com	/	/	200	410411433	63567753	205295743	71	6056310	5
facebook.com	/	/	200	410405655	63567753	205295743	20	6056310	5
facebook.com	/	/	200	410474478	63567753	205295743	68	6056310	5
facebook.com	/	/	200	410405974	63567753	205295743	110	6056310	5
facebook.com	/	/	200	410408776	63567753	205295743	120	6056310	5
facebook.com	/	/	200	410416635	63567753	205295743	600	6056310	5
youtube.com	/	/	200	410416084	63567753	205295743	5	6174440	3
youtube.com	/	/	200	410415258	63567753	205295743	120	6174440	3
facebook.com	messages	100003923394587	200	410409212	63567753	205295743	120	5713857	5
facebook.com	masona.luuvsu/posts	324839260965216	200	410472945	63567753	205295743	5	5713857	5
twitter.com	/	JoeyBGCBlogger	200	410485333	63567753	205295743	87	4272659	5
facebook.com	backyardmonsters	/	200	410403741	63567753	205295743	7	4761456	3
facebook.com	backyardmonsters	/	200	410403751	63567753	205295743	36	4761456	3
youtube.com	/	watch	200	410416610	63567753	205295743	4	7550015	3
facebook.com	farmville-two	/	200	410405960	63567753	205295743	14	15868848	3
facebook.com	ajax/pagelet/generic.php	MoreStoriesPagelet	200	410405675	63567753	205295743	21	14932183	5
facebook.com	ajax/pagelet/generic.php	MoreStoriesPagelet	200	410412667	63567753	205295743	120	14932183	3
facebook.com	ajax/pagelet/generic.php	ProfileTimelineSectionPagelet	200	410472955	63567753	205295743	20	13704975	3
facebook.com	ajax/pagelet/generic.php	MoreStoriesPagelet	200	410480312	63567753	205295743	15	14932183	5
facebook.com	ajax/pagelet/generic.php	MoreStoriesPagelet	200	410474546	63567753	205295743	18	14932183	5
youtube.com	/	watch	200	410416544	63567753	205295743	35	7550015	3
youtube.com	/	watch	200	410416594	63567753	205295743	6	7550015	3
youtube.com	/	watch	200	410416584	63567753	205295743	4	7550015	3
youtube.com	/	watch	200	410416588	63567753	205295743	6	7550015	3
youtube.com	/	watch	200	410416212	63567753	205295743	101	7550015	3
youtube.com	/	watch	200	410416614	63567753	205295743	21	7550015	3
youtube.com	/	watch	200	410416600	63567753	205295743	5	7550015	3
youtube.com	/	watch	200	410416393	63567753	205295743	27	7550015	3
youtube.com	/	watch	200	410416116	63567753	205295743	92	7550015	3
youtube.com	/	watch	200	410416605	63567753	205295743	5	7550015	3
youtube.com	/	watch	200	410416579	63567753	205295743	5	7550015	3
facebook.com	pages/Disney-logic	142446702564549	200	410411509	63567753	205295743	42	8222324	5
facebook.com	/	DisneyFails	200	410480486	63567753	205295743	26	11222082	5
walmart.com	browse/toys/vehicles,-trains-amp;-remote-control	4171_4199	200	410404686	63567753	205295743	10	3072349	3
walmart.com	browse/toys/vehicles,-trains-remote-control/4171_4199	/	200	410404696	63567753	205295743	41	3072349	3
walmart.com	browse/vehicles,-trains-remote-control/robots-amp;-remote-control	4171_4199_433927	200	410404737	63567753	205295743	600	3072383	3
walmart.com	browse/vehicles,-trains-remote-control/robots-remote-control/4171_4199_433927	/	200	410405461	63567753	205295743	120	3072383	3
walmart.com	browse/vehicles,-trains-remote-control/robots-remote-control/4171_4199_433927	/	200	410405421	63567753	205295743	20	3072383	3
walmart.com	browse/vehicles,-trains-remote-control/robots-remote-control/4171_4199_433927	/	200	410405441	63567753	205295743	20	3072383	3
walmart.com	cp/toys	4171	200	410404662	63567753	205295743	24	3510441	3
walmart.com	/	cart.gsp	302	410404385	63567753	205295743	7	689423	3
walmart.com	cart2	cartCmd.do	200	410404403	63567753	205295743	10	689423	5
walmart.com	ci/ajaxRequestOptional	checkChatQueue	200	410404427	63567753	205295743	42	689423	3
walmart.com	search	search-ng.do	200	410404339	63567753	205295743	28	689423	3
walmart.com	/	index.gsp	200	410404600	63567753	205295743	26	689423	3
walmart.com	cservice	ProcessShoppingCard.do	200	410404469	63567753	205295743	12	689423	5
walmart.com	ci/ajaxRequestOptional/checkChatQueue/session	L2F2LzEvdGltZS8xMzU3MDAyNjI5L3NpZC90eG55VTlmbA==	200	410404235	63567753	205295743	50	689423	3
walmart.com	cservice	ProcessShoppingCard.do	200	410404413	63567753	205295743	13	689423	5
walmart.com	app/answers/detail/a_id	58	200	410404426	63567753	205295743	1	689423	3
walmart.com	cservice	ProcessShoppingCard.do	200	410404481	63567753	205295743	21	689423	5
walmart.com	search	search-ng.do	200	410404298	63567753	205295743	41	689423	3
walmart.com	app/answers/list/kw/100/search/1/redirect	&search_redirect=true&dept=5436&search_query=100	200	410404285	63567753	205295743	2	689423	3
walmart.com	catalog	catalog.gsp	302	410404599	63567753	205295743	1	689423	3
amazon.com	/	s	200	410485255	63567753	205295743	3	671065	3
walmart.com	cservice	ProcessShoppingCard.do	200	410404502	63567753	205295743	18	689423	5
walmart.com	cart2	cart.do	200	410404392	63567753	205295743	11	689423	5
walmart.com	cservice	ProcessShoppingCard.do	200	410404560	63567753	205295743	39	689423	5
walmart.com	ip/Basic-Blue-Walmart-Gift-Card	13425270	200	410404367	63567753	205295743	18	689423	3
walmart.com	cservice	ProcessShoppingCard.do	200	410404520	63567753	205295743	18	689423	5
walmart.com	app/answers/detail/a_id/58/~	spending,-activating-and-reloading-walmart-gift-cards	200	410404231	63567753	205295743	4	689423	3
walmart.com	cservice	ProcessShoppingCard.do	200	410404626	63567753	205295743	2	689423	5
walmart.com	ci/ajaxRequestOptional	checkChatQueue	200	410404287	63567753	205295743	11	689423	3
walmart.com	catalog	catalog.gsp	302	410404628	63567753	205295743	34	689423	3
walmart.com	cservice	ProcessShoppingCard.do	200	410404538	63567753	205295743	22	689423	5
facebook.com	ajax/pagelet/generic.php	PhotoViewerPagelet	200	410411580	63567753	205295743	301	3927365	5
facebook.com	ajax/pagelet/generic.php	PhotoViewerInitPagelet	200	410405696	63567753	205295743	146	3927365	5
facebook.com	ajax/pagelet/generic.php	PhotoViewerPagelet	200	410409992	63567753	205295743	478	3927365	3
facebook.com	ajax/pagelet/generic.php	PhotoViewerPagelet	200	410414342	63567753	205295743	126	3927365	3
facebook.com	ajax/pagelet/generic.php	PhotoViewerPagelet	200	410409848	63567753	205295743	144	3927365	3
facebook.com	ajax/pagelet/generic.php	PhotoViewerInitPagelet	200	410408901	63567753	205295743	54	3927365	5
facebook.com	ajax/pagelet/generic.php	PhotoViewerInitPagelet	200	410411551	63567753	205295743	29	3927365	5
facebook.com	ajax/pagelet/generic.php	PhotoViewerInitPagelet	200	410480327	63567753	205295743	21	3927365	5
facebook.com	ajax/pagelet/generic.php	PhotoViewerPagelet	200	410409091	63567753	205295743	19	3927365	5
facebook.com	ajax/pagelet/generic.php	PhotoViewerPagelet	200	410408955	63567753	205295743	33	3927365	5
facebook.com	ajax/pagelet/generic.php	PhotoViewerPagelet	200	410409110	63567753	205295743	102	3927365	5
facebook.com	ajax/pagelet/generic.php	PhotoViewerPagelet	200	410411881	63567753	205295743	383	3927365	5
facebook.com	ajax/pagelet/generic.php	PhotoViewerPagelet	200	410414697	63567753	205295743	139	3927365	3
facebook.com	ajax/pagelet/generic.php	PhotoViewerPagelet	200	410412264	63567753	205295743	43	3927365	5
facebook.com	ajax/pagelet/generic.php	PhotoViewerPagelet	200	410410540	63567753	205295743	61	3927365	5
facebook.com	ajax/pagelet/generic.php	PhotoViewerPagelet	200	410405855	63567753	205295743	105	3927365	5
facebook.com	ajax/pagelet/generic.php	PhotoViewerPagelet	200	410410470	63567753	205295743	41	3927365	3
facebook.com	ajax/pagelet/generic.php	PhotoViewerInitPagelet	200	410409717	63567753	205295743	131	3927365	3
youtube.com	/	watch	200	410415951	63567753	205295743	120	3718815	3
youtube.com	/	results	200	410416208	63567753	205295743	4	3718815	3
youtube.com	/	watch	200	410465101	63567753	205295743	107	3718815	3
youtube.com	user	theDOMINICshow	200	410474738	63567753	205295743	20	3718815	3
youtube.com	/	watch	200	410477284	63567753	205295743	120	3718815	3
youtube.com	/	watch	200	410463220	63567753	205295743	193	3718815	3
youtube.com	/	watch	200	410463059	63567753	205295743	161	3718815	3
youtube.com	/	watch	200	410474583	63567753	205295743	27	3718815	3
youtube.com	/	watch	200	410463703	63567753	205295743	120	3718815	3
youtube.com	/	watch	200	410460986	63567753	205295743	600	3718815	3
youtube.com	/	watch	200	410415613	63567753	205295743	120	3718815	3
youtube.com	/	watch	200	410474808	63567753	205295743	138	3718815	3
youtube.com	/	results	200	410474610	63567753	205295743	128	3718815	3
facebook.com	/	/	200	410409683	63567753	205295743	34	3531701	3
facebook.com	/	/	200	410412307	63567753	205295743	120	3531701	3
facebook.com	pages/Disney-logic	142446702564549	200	410411504	63567753	205295743	5	3531701	5
facebook.com	/	kareem.fofana	200	410472950	63567753	205295743	5	3531701	3
facebook.com	/	kareem.fofana	200	410473364	63567753	205295743	4	3531701	3
facebook.com	dialog	permissions.request	302	410403748	63567753	205295743	3	3531701	5
facebook.com	giftcredits	index.php	200	410403955	63567753	205295743	120	3531701	5
youtube.com	/	watch	200	410481251	63567753	205295743	53	3718815	3
youtube.com	/	results	200	410415574	63567753	205295743	26	3718815	3
youtube.com	/	results	200	410415557	63567753	205295743	12	3718815	3
youtube.com	/	watch	200	410460601	63567753	205295743	385	3718815	3
youtube.com	/	watch	200	410474946	63567753	205295743	120	3718815	3
youtube.com	/	watch	200	410474758	63567753	205295743	40	3718815	3
facebook.com	ajax/pagelet/generic.php	PhotoViewerPagelet	200	410414836	63567753	205295743	120	3927365	3
facebook.com	/	photo.php	200	410410532	63567753	205295743	8	3927365	5
facebook.com	ajax/pagelet/generic.php	PhotoViewerInitPagelet	200	410405842	63567753	205295743	13	3927365	5
facebook.com	ajax/pagelet/generic.php	PhotoViewerInitPagelet	200	410414296	63567753	205295743	46	3927365	3
facebook.com	ajax/pagelet/generic.php	PhotoViewerPagelet	200	410414468	63567753	205295743	229	3927365	3
facebook.com	ajax/pagelet/generic.php	PhotoViewerInitPagelet	200	410472812	63567753	205295743	19	3927365	5
facebook.com	ajax/pagelet/generic.php	PhotoViewerInitPagelet	200	410474564	63567753	205295743	16	3927365	5
facebook.com	ajax/pagelet/generic.php	PhotoViewerPagelet	200	410472831	63567753	205295743	102	3927365	5
facebook.com	ajax/pagelet/generic.php	PhotoViewerPagelet	200	410480348	63567753	205295743	120	3927365	5
youtube.com	/	results	200	410415600	63567753	205295743	13	3718815	3
youtube.com	/	watch	200	410403178	63567753	205295743	120	3718815	3
youtube.com	/	results	200	410464878	63567753	205295743	223	3718815	3
youtube.com	/	watch	200	410464737	63567753	205295743	141	3718815	3
youtube.com	/	watch	200	410463413	63567753	205295743	135	3718815	3
youtube.com	/	watch	200	410415391	63567753	205295743	166	3718815	3
youtube.com	/	watch	200	410475370	63567753	205295743	8	3718815	3
youtube.com	feed	UCMu5gPmKp5av0QCAajKTMhw	200	410416089	63567753	205295743	27	3718815	3
youtube.com	/	watch	200	410462906	63567753	205295743	153	3718815	3
youtube.com	/	watch	200	410475289	63567753	205295743	81	3718815	3
youtube.com	/	results	200	410415569	63567753	205295743	5	3718815	3
youtube.com	/	watch	200	410462756	63567753	205295743	150	3718815	3
youtube.com	/	watch	200	410463548	63567753	205295743	155	3718815	3
facebook.com	/	/	200	410484874	17151161	206461639	101	6056310	5
facebook.com	/	/	200	410484263	17151161	206461639	78	6056310	5
facebook.com	/	/	302	410414637	17151161	206461639	30	6056310	3
facebook.com	/	/	302	410484244	17151161	206461639	19	6056310	3
moneysavingmom.com	2013/01	amazon-mom-free-2-mp3-credit.html	200	410447137	17151161	206461639	25	5192972	3
moneysavingmom.com	category	deals-steals	200	410447312	17151161	206461639	2	5192972	3
facebook.com	/	/	302	410402194	17151161	206461639	120	6056310	3
facebook.com	/	/	302	410444823	17151161	206461639	73	6056310	3
pinterest.com	/	/	200	410446095	17151161	206461639	59	9768885	3
pinterest.com	all	/	200	410402143	17151161	206461639	51	9768885	3
pinterest.com	all	/	200	410400013	17151161	206461639	284	9768885	3
pinterest.com	offsite	/	302	410446498	17151161	206461639	6	9768885	3
pinterest.com	all	/	200	410402812	17151161	206461639	27	9768885	3
pinterest.com	all	/	200	410400554	17151161	206461639	600	9768885	3
facebook.com	/	/	200	410414667	17151161	206461639	83	6056310	5
facebook.com	ajax/home	generic.php	200	410485801	17151161	206461639	97	4408844	5
facebook.com	ajax/pagelet/generic.php	PhotoViewerPagelet	200	410484381	17151161	206461639	12	3927365	5
facebook.com	ajax/pagelet/generic.php	PhotoViewerPagelet	200	410484449	17151161	206461639	51	3927365	5
facebook.com	ajax/pagelet/generic.php	PhotoViewerPagelet	200	410484427	17151161	206461639	22	3927365	5
facebook.com	ajax/pagelet/generic.php	PhotoViewerInitPagelet	200	410484341	17151161	206461639	30	3927365	5
facebook.com	ajax/pagelet/generic.php	PhotoViewerPagelet	200	410484371	17151161	206461639	10	3927365	5
facebook.com	ajax/pagelet/generic.php	PhotoViewerInitPagelet	200	410484404	17151161	206461639	23	3927365	5
facebook.com	ajax/pagelet/generic.php	PhotoViewerInitPagelet	200	410486077	17151161	206461639	36	3927365	5
pinterest.com	/	/	200	410446158	17151161	206461639	22	9768885	3
pinterest.com	amylpeebles/good-food	/	200	410403162	17151161	206461639	42	9768885	3
pinterest.com	new	/	299	410446180	17151161	206461639	16	9768885	3
facebook.com	ajax/pagelet/generic.php	MoreStoriesPagelet	200	410484563	17151161	206461639	24	14932183	5
facebook.com	ajax/pagelet/generic.php	MoreStoriesPagelet	200	410414750	17151161	206461639	14	14932183	5
facebook.com	ajax/pagelet/generic.php	MoreStoriesPagelet	200	410414764	17151161	206461639	50	14932183	5
facebook.com	ajax/pagelet/generic.php	MoreStoriesPagelet	200	410484998	17151161	206461639	22	14932183	5
facebook.com	ajax/pagelet/generic.php	MoreStoriesPagelet	200	410484587	17151161	206461639	23	14932183	5
facebook.com	ajax/pagelet/generic.php	MoreStoriesPagelet	200	410484526	17151161	206461639	20	14932183	5
facebook.com	ajax/pagelet/generic.php	MoreStoriesPagelet	200	410484546	17151161	206461639	17	14932183	5
facebook.com	ajax/pagelet/generic.php	MoreStoriesPagelet	200	410484500	17151161	206461639	17	14932183	5
pinterest.com	get_memo	/	200	410402839	17151161	206461639	72	9768885	3
pinterest.com	amylpeebles	/	200	410403117	17151161	206461639	35	9768885	3
pinterest.com	/	/	200	410446232	17151161	206461639	24	9768885	3
pinterest.com	/	/	200	410446196	17151161	206461639	36	9768885	3
pinterest.com	amylpeebles/good-food	/	200	410403152	17151161	206461639	10	9768885	3
pinterest.com	amylpeebles/good-food	/	200	410446482	17151161	206461639	16	9768885	3
pinterest.com	all	/	200	410402765	17151161	206461639	47	9768885	3
pinterest.com	new	/	299	410446154	17151161	206461639	4	9768885	3
pinterest.com	amylpeebles	/	200	410446451	17151161	206461639	18	9768885	3
pinterest.com	new	/	299	410446256	17151161	206461639	195	9768885	3
pinterest.com	amylpeebles/good-food	/	200	410446469	17151161	206461639	13	9768885	3
pinterest.com	all	/	200	410400436	17151161	206461639	15	9768885	3
pinterest.com	all	/	200	410400297	17151161	206461639	139	9768885	3
facebook.com	ajax/pagelet/generic.php	MoreStoriesPagelet	200	410484517	17151161	206461639	9	14932183	5
facebook.com	ajax/pagelet/generic.php	MoreStoriesPagelet	200	410484393	17151161	206461639	11	14932183	5
target.com	c/clearance/-	N-5q0ga	200	410410018	17151161	206461639	12	689378	3
target.com	c/furniture-clearance/-	N-5tg3x	200	410410514	17151161	206461639	6	689378	3
target.com	c/kids/-/N-5xtyp/Ntk-All/Ntt-snow	Ntx-matchallpartial rel all	200	410484730	17151161	206461639	50	689378	3
target.com	sb/christmas/-	SearchNavigationView	200	410410163	17151161	206461639	63	689378	3
target.com	sb/christmas/-	SearchNavigationView	200	410410156	17151161	206461639	7	689378	3
amazon.com	gp	feature.html	200	410447162	17151161	206461639	18	671065	3
amazon.com	gp/mom	signup	200	410447180	17151161	206461639	120	671065	3
target.com	sb/christmas/-	SearchNavigationView	200	410410399	17151161	206461639	9	689378	3
target.com	/	/	200	410484610	17151161	206461639	11	689378	3
target.com	/	ProductDetailsTabView	200	410484842	17151161	206461639	32	689378	3
target.com	c/furniture-clearance/-	SearchNavigationView	200	410410543	17151161	206461639	11	689378	3
target.com	sb/christmas/-	N-5xt30Z5tdv1	200	410410394	17151161	206461639	5	689378	3
target.com	c/home-clearance/-	N-5tg3v	200	410410304	17151161	206461639	14	689378	3
target.com	c/target-neiman-marcus-collection/-	SearchNavigationView	200	410410593	17151161	206461639	60	689378	3
target.com	p/c9-by-champion-kids-snowpant/-	A-14063965	200	410484780	17151161	206461639	62	689378	3
target.com	sb/christmas/-	SearchNavigationView	200	410410226	17151161	206461639	78	689378	3
target.com	/	/	200	410409998	17151161	206461639	11	689378	3
target.com	c/clearance/-	N-5q0ga	200	410410408	17151161	206461639	22	689378	3
target.com	sb/christmas/-	N-5xt30Z5tdv1	200	410410069	17151161	206461639	87	689378	3
target.com	/	FiatsCmd	200	410484975	17151161	206461639	19	689378	3
target.com	/	s	200	410484673	17151161	206461639	57	689378	3
target.com	/	FiatsCmd	200	410484994	17151161	206461639	4	689378	3
target.com	c/target-neiman-marcus-collection/-	N-5ouwb	200	410410554	17151161	206461639	3	689378	3
facebook.com	/	/	302	410420736	75773086	215221903	8	3531701	3
facebook.com	/	index.php	200	410483327	75773086	215221903	16	3531701	5
facebook.com	/	index.php	200	410484575	75773086	215221903	600	3531701	5
facebook.com	/	index.php	200	410486175	75773086	215221903	60	3531701	5
facebook.com	ajax/pagelet/generic.php	PhotoViewerInitPagelet	200	410484418	75773086	215221903	120	3927365	5
facebook.com	ajax/pagelet/generic.php	PhotoViewerPagelet	200	410421601	75773086	215221903	600	3927365	5
facebook.com	/	photo.php	200	410421533	75773086	215221903	68	3927365	5
facebook.com	ajax/pagelet/generic.php	PhotoViewerInitPagelet	200	410482834	75773086	215221903	70	3927365	5
facebook.com	ajax/pagelet/generic.php	PhotoViewerInitPagelet	200	410420949	75773086	215221903	584	3927365	5
facebook.com	ajax/pagelet/generic.php	PhotoViewerInitPagelet	200	410482904	75773086	215221903	120	3927365	5
facebook.com	/	logout.php	302	410484570	75773086	215221903	5	4934870	5
facebook.com	messages	100003961674157	200	410483831	75773086	215221903	87	5713857	5
facebook.com	/	justin.wale.906	200	410484390	75773086	215221903	28	5713857	5
facebook.com	Ali.Abdinoor2/posts	452133911512700	200	410482785	75773086	215221903	49	5713857	5
facebook.com	/	justin.wale.906	200	410483918	75773086	215221903	120	5713857	5
facebook.com	/	/	200	410420744	75773086	215221903	34	6056310	5
facebook.com	/	/	200	410483343	75773086	215221903	61	6056310	5
facebook.com	/	/	200	410420854	75773086	215221903	95	6056310	5
facebook.com	/	/	200	410420778	75773086	215221903	76	6056310	5
facebook.com	/	/	200	410482640	75773086	215221903	112	6056310	5
facebook.com	ajax/pagelet/generic.php	ProfileTimelineSectionPagelet	200	410484143	75773086	215221903	120	13704975	5
facebook.com	ajax/pagelet/generic.php	MoreStoriesPagelet	200	410482752	75773086	215221903	33	14932183	5
facebook.com	ajax/pagelet/generic.php	MoreStoriesPagelet	200	410483404	75773086	215221903	349	14932183	5
facebook.com	ajax/pagelet/generic.php	MoreStoriesPagelet	200	410483753	75773086	215221903	78	14932183	5
facebook.com	appcenter	requests	200	410456823	82823788	224546191	10	5713857	3
facebook.com	appcenter	requests	200	410459956	82823788	224546191	7	5713857	5
facebook.com	/	/	200	410456802	82823788	224546191	21	6056310	3
facebook.com	/	/	200	410459910	82823788	224546191	10	6056310	5
facebook.com	ajax/pagelet/generic.php	MoreStoriesPagelet	200	410456771	82823788	224546191	4	14932183	5
facebook.com	farmville-two	viral.php	200	410459920	82823788	224546191	26	15868848	5
facebook.com	farmville-two	/	200	410459973	82823788	224546191	33	15868848	5
facebook.com	farmville-two	/	200	410459830	82823788	224546191	6	15868848	3
facebook.com	farmville-two	/	200	410456833	82823788	224546191	4	15868848	3
facebook.com	/	/	200	410459824	82823788	224546191	5	3531701	3
facebook.com	/	/	200	410459946	82823788	224546191	10	3531701	5
facebook.com	dialog	apprequests	200	410457071	82823788	224546191	252	3531701	5
facebook.com	dialog	apprequests	200	410459895	82823788	224546191	6	3531701	5
facebook.com	/	/	200	410457323	82823788	224546191	120	3531701	3
facebook.com	/	/	200	410456760	82823788	224546191	11	3531701	5
facebook.com	/	index.php	200	410459901	82823788	224546191	9	3531701	5
facebook.com	/	index.php	200	410456775	82823788	224546191	27	3531701	5
facebook.com	/	/	200	410460518	82823788	224546191	600	3531701	5
facebook.com	dialog	apprequests	200	410460055	82823788	224546191	463	3531701	5
facebook.com	ajax/games/apprequest	apprequest.php	200	410459836	82823788	224546191	7	4408844	3
facebook.com	onthefarm	session.php	200	410482936	64054676	230048071	120	7212428	5
facebook.com	onthefarm	/	200	410484460	64054676	230048071	9	7212428	5
facebook.com	onthefarm	/	200	410481147	64054676	230048071	14	7212428	5
facebook.com	onthefarm	session.php	200	410486269	64054676	230048071	60	7212428	5
facebook.com	/	/	302	410480899	64054676	230048071	25	6056310	3
facebook.com	/	/	200	410480924	64054676	230048071	67	6056310	5
facebook.com	/	/	200	410483908	64054676	230048071	120	6056310	5
facebook.com	/	/	302	410483878	64054676	230048071	30	6056310	3
facebook.com	ajax/pagelet/generic.php	MoreStoriesPagelet	200	410481099	64054676	230048071	17	14932183	5
facebook.com	ajax/pagelet/generic.php	MoreStoriesPagelet	200	410481116	64054676	230048071	31	14932183	5
facebook.com	ajax/pagelet/generic.php	MoreStoriesPagelet	200	410484435	64054676	230048071	25	14932183	5
facebook.com	ajax/pagelet/generic.php	MoreStoriesPagelet	200	410481013	64054676	230048071	14	14932183	5
facebook.com	ajax/pagelet/generic.php	MoreStoriesPagelet	200	410480991	64054676	230048071	22	14932183	5
facebook.com	dialog	apprequests	200	410481423	64054676	230048071	19	3531701	5
facebook.com	dialog	apprequests	200	410481577	64054676	230048071	5	3531701	5
facebook.com	dialog	apprequests	200	410481379	64054676	230048071	44	3531701	5
facebook.com	dialog	apprequests	200	410484592	64054676	230048071	120	3531701	5
facebook.com	dialog	apprequests	200	410481582	64054676	230048071	600	3531701	5
facebook.com	dialog	apprequests	200	410482769	64054676	230048071	120	3531701	5
facebook.com	dialog	apprequests	200	410481373	64054676	230048071	6	3531701	5
facebook.com	dialog	apprequests	200	410481490	64054676	230048071	87	3531701	5
facebook.com	dialog	apprequests	200	410481442	64054676	230048071	48	3531701	5
facebook.com	ajax/pagelet/generic.php	PhotoViewerInitPagelet	200	410481027	64054676	230048071	72	3927365	5
youtube.com	/	watch	200	410407448	77957000	230628247	600	3718815	3
bestbuy.com	site	searchpage.jsp	200	410484558	79234781	230695831	38	671067	3
bestbuy.com	site/Amazon - Geek Squad Certified Refurbished Kindle Fire with 8GB Memory	7096158.p	200	410484596	79234781	230695831	60	671067	3
bestbuy.com	/	/	200	410484476	79234781	230695831	82	671067	3
amazon.com	gp/performance	shared	200	410463012	79234781	230695831	60	671065	3
amazon.com	/	/	200	410462848	79234781	230695831	24	671065	3
amazon.com	gp/performance	shared	200	410462872	79234781	230695831	39	671065	3
amazon.com	gp/performance	shared	200	410462933	79234781	230695831	69	671065	3
amazon.com	gp/product	B008GFUA4C	200	410463002	79234781	230695831	10	671065	3
amazon.com	gp/performance	shared	200	410484113	79234781	230695831	120	671065	3
amazon.com	gp/product	B008GFUA4C	200	410484102	79234781	230695831	11	671065	3
amazon.com	gp/product	B008GGCAVM	200	410462911	79234781	230695831	22	671065	3
tagged.com	/	messages.html	200	410431027	81529527	231617119	10	9089132	3
tagged.com	/	photo_view.html	200	410430216	81529527	231617119	12	9089132	3
tagged.com	/	profile.html	200	410430555	81529527	231617119	39	9089132	3
tagged.com	/	home.html	200	410433036	81529527	231617119	60	9089132	3
tagged.com	/	profile.html	200	410430594	81529527	231617119	31	9089132	3
tagged.com	/	home.html	200	410431066	81529527	231617119	477	9089132	3
tagged.com	/	notifications.html	200	410430209	81529527	231617119	7	9089132	3
tagged.com	/	photo_gallery.html	200	410430625	81529527	231617119	18	9089132	3
tagged.com	/	profile.html	200	410428896	81529527	231617119	32	9089132	3
tagged.com	/	profile.html	200	410431543	81529527	231617119	19	9089132	3
tagged.com	/	messages_center.html	200	410431037	81529527	231617119	14	9089132	3
tagged.com	/	birthdays.html	200	410430270	81529527	231617119	30	9089132	3
tagged.com	/	edit_profile.html	200	410431562	81529527	231617119	70	9089132	3
tagged.com	/	friends.html	200	410430258	81529527	231617119	12	9089132	3
tagged.com	/	photo_view.html	200	410430643	81529527	231617119	120	9089132	3
tagged.com	/	photo_view.html	200	410430235	81529527	231617119	23	9089132	3
tagged.com	/	home.html	200	410432977	81529527	231617119	12	9089132	3
tagged.com	/	notifications.html	200	410430228	81529527	231617119	7	9089132	3
tagged.com	/	edit_profile.html	200	410433008	81529527	231617119	13	9089132	3
tagged.com	/	profile.html	200	410433021	81529527	231617119	15	9089132	3
tagged.com	/	friends.html	200	410428808	81529527	231617119	88	9089132	3
tagged.com	/	profile.html	200	410431051	81529527	231617119	15	9089132	3
tagged.com	/	home.html	200	410428777	81529527	231617119	31	9089132	3
tagged.com	/	profile.html	200	410432989	81529527	231617119	19	9089132	3
tagged.com	/	/	200	410428517	81529527	231617119	260	9089132	3
tagged.com	/	gifts.html	200	410432926	81529527	231617119	51	9089132	3
tagged.com	/	photo_view.html	200	410428928	81529527	231617119	120	9089132	3
tagged.com	/	friends.html	200	410433096	81529527	231617119	70	9089132	3
tagged.com	/	profile.html	200	410431632	81529527	231617119	42	9089132	3
facebook.com	/	/	200	410431674	81529527	231617119	45	6056310	5
facebook.com	/	/	200	410431719	81529527	231617119	120	6056310	5
tagged.com	/	account_info.html	200	410430300	81529527	231617119	120	3479684	5
facebook.com	reina.williams1/posts	395083733908270	200	410411691	84552156	231720199	27	5713857	3
facebook.com	reina.williams1/posts	395083733908270	200	410412387	84552156	231720199	25	5713857	3
facebook.com	/	mz.DungeonDragon	200	410422835	84552156	231720199	7	5713857	3
facebook.com	/	jameshiap	200	410419934	84552156	231720199	6	5713857	3
facebook.com	plprice14	friends	200	410420941	84552156	231720199	54	5713857	3
facebook.com	/	/	200	410420313	84552156	231720199	5	5713857	3
facebook.com	/	/	200	410423419	84552156	231720199	16	5713857	3
facebook.com	king.d.jones	photos	200	410414324	84552156	231720199	5	5713857	3
facebook.com	couture.moore.5/posts	282457441876609	200	410418616	84552156	231720199	5	5713857	3
facebook.com	reina.williams1/posts	395083733908270	200	410411516	84552156	231720199	23	5713857	3
facebook.com	/	BumpKush	200	410425947	84552156	231720199	5	5713857	3
facebook.com	/	plprice14	200	410420936	84552156	231720199	5	5713857	3
facebook.com	ajax/pagelet/generic.php	TimelinePhotosPagelet	200	410414507	84552156	231720199	9	5713857	3
facebook.com	/	/	200	410419081	84552156	231720199	14	5713857	3
facebook.com	couture.moore.5/posts	282428181879535	200	410418301	84552156	231720199	33	5713857	3
facebook.com	/	willie.mcgowan1	200	410422875	84552156	231720199	112	5713857	3
facebook.com	/	Jaeeeex3	200	410414644	84552156	231720199	8	5713857	3
facebook.com	messages	100001584186046	200	410423786	84552156	231720199	12	5713857	3
facebook.com	/	jontrell.marshall	200	410419017	84552156	231720199	5	5713857	3
facebook.com	/	/	200	410426166	84552156	231720199	92	5713857	3
facebook.com	/	/	200	410418958	84552156	231720199	52	5713857	3
facebook.com	reina.williams1/posts	395083733908270	200	410411424	84552156	231720199	66	5713857	3
facebook.com	messages	100001584186046	200	410420254	84552156	231720199	59	5713857	3
facebook.com	/	alexia.walker.16	200	410423038	84552156	231720199	5	5713857	3
facebook.com	/	/	200	410414221	84552156	231720199	41	5713857	3
facebook.com	/	FemaleRapperYo	200	410411385	84552156	231720199	7	5713857	3
facebook.com	kayla.mcduffie.14/posts	222892094513305	200	410422415	84552156	231720199	42	5713857	3
facebook.com	/	brianna.sparkman.7	200	410418642	84552156	231720199	98	5713857	3
facebook.com	/	/	200	410421074	84552156	231720199	82	5713857	3
facebook.com	/	bham.prince	200	410422826	84552156	231720199	9	5713857	3
facebook.com	ajax/pagelet/generic.php	TimelinePhotosStreamPagelet	200	410423414	84552156	231720199	5	5713857	3
facebook.com	/	king.d.jones	200	410414309	84552156	231720199	3	5713857	3
facebook.com	/	UniquE.mINDX	200	410414181	84552156	231720199	2	5713857	3
facebook.com	kayla.mcduffie.14	photos_stream	200	410411547	84552156	231720199	144	5713857	3
facebook.com	/	/	200	410423017	84552156	231720199	21	5713857	3
facebook.com	/	SwagFluShawty	200	410414174	84552156	231720199	2	5713857	3
facebook.com	/	OFFICIALSOULJABOYPAGE	200	410420068	84552156	231720199	6	5713857	3
facebook.com	/	SkyyRichmond	200	410414711	84552156	231720199	19	5713857	3
facebook.com	ajax/home	generic.php	200	410419908	84552156	231720199	26	4408844	3
facebook.com	ajax/home	generic.php	200	410423526	84552156	231720199	4	4408844	3
facebook.com	ajax/home	generic.php	200	410413590	84552156	231720199	5	4408844	3
facebook.com	Jaeeeex3	info	200	410414652	84552156	231720199	7	5713857	3
facebook.com	/	eazy.collier	200	410426258	84552156	231720199	5	5713857	3
facebook.com	/	kayla.mcduffie.14	200	410413595	84552156	231720199	5	5713857	3
facebook.com	kayla.mcduffie.14	photos	200	410413600	84552156	231720199	34	5713857	3
facebook.com	ajax/pagelet/generic.php	TimelinePhotosStreamPagelet	200	410412930	84552156	231720199	19	5713857	3
facebook.com	/	/	200	410420100	84552156	231720199	18	5713857	3
facebook.com	jemme.saucier	photos	200	410423232	84552156	231720199	18	5713857	3
facebook.com	/	/	200	410422551	84552156	231720199	26	5713857	3
facebook.com	/	kayla.mcduffie.14	200	410411490	84552156	231720199	6	5713857	3
facebook.com	/	antoinette.songz	200	410414629	84552156	231720199	7	5713857	3
facebook.com	kayla.mcduffie.14	photos_stream	200	410412412	84552156	231720199	29	5713857	3
facebook.com	/	kayla.mcduffie.14	200	410422457	84552156	231720199	2	5713857	3
facebook.com	jemme.saucier	photos_stream	200	410423381	84552156	231720199	23	5713857	3
facebook.com	/	jaylon.s.walker	200	410414441	84552156	231720199	9	5713857	3
facebook.com	kayla.mcduffie.14	photos	200	410411539	84552156	231720199	8	5713857	3
facebook.com	/	kayla.mcduffie.14	200	410411718	84552156	231720199	4	5713857	3
facebook.com	kayla.mcduffie.14	photos_stream	200	410413634	84552156	231720199	9	5713857	3
facebook.com	ajax/pagelet/generic.php	ProfileTimelineSectionPagelet	200	410414176	84552156	231720199	5	13704975	3
facebook.com	ajax/pagelet/generic.php	ProfileTimelineSectionPagelet	200	410426114	84552156	231720199	16	13704975	3
facebook.com	ajax/pagelet/generic.php	ProfileTimelineSectionPagelet	200	410422616	84552156	231720199	5	13704975	3
facebook.com	ajax/pagelet/generic.php	ProfileTimelineSectionPagelet	200	410422459	84552156	231720199	92	13704975	3
facebook.com	ajax/pagelet/generic.php	ProfileTimelineSectionPagelet	200	410422621	84552156	231720199	4	13704975	3
facebook.com	ajax/pagelet/generic.php	ProfileTimelineSectionPagelet	200	410425952	84552156	231720199	120	13704975	3
facebook.com	ajax/pagelet/generic.php	ProfileTimelineSectionPagelet	200	410411496	84552156	231720199	20	13704975	3
facebook.com	ajax/pagelet/generic.php	ProfileTimelineSectionPagelet	200	410414213	84552156	231720199	4	13704975	3
facebook.com	ajax/pagelet/generic.php	ProfileTimelineSectionPagelet	200	410421049	84552156	231720199	12	13704975	3
facebook.com	ajax/pagelet/generic.php	ProfileTimelineSectionPagelet	200	410426263	84552156	231720199	14	13704975	3
facebook.com	ajax/pagelet/generic.php	ProfileTimelineSectionPagelet	200	410419054	84552156	231720199	9	13704975	3
facebook.com	ajax/pagelet/generic.php	ProfileTimelineSectionPagelet	200	410414450	84552156	231720199	5	13704975	3
facebook.com	ajax/pagelet/generic.php	ProfileTimelineSectionPagelet	200	410414582	84552156	231720199	6	13704975	3
facebook.com	ajax/pagelet/generic.php	MoreStoriesPagelet	200	410414293	84552156	231720199	16	14932183	3
facebook.com	ajax/pagelet/generic.php	MoreStoriesPagelet	200	410411348	84552156	231720199	9	14932183	3
facebook.com	ajax/pagelet/generic.php	MoreStoriesPagelet	200	410424638	84552156	231720199	65	14932183	3
facebook.com	ajax/pagelet/generic.php	MoreStoriesPagelet	200	410419248	84552156	231720199	37	14932183	3
facebook.com	ajax/pagelet/generic.php	MoreStoriesPagelet	200	410414262	84552156	231720199	31	14932183	3
facebook.com	ajax/pagelet/generic.php	MoreStoriesPagelet	200	410413574	84552156	231720199	16	14932183	3
facebook.com	ajax/pagelet/generic.php	MoreStoriesPagelet	200	410420844	84552156	231720199	92	14932183	3
facebook.com	ajax/pagelet/generic.php	ProfileTimelineSectionPagelet	200	410414217	84552156	231720199	4	13704975	3
facebook.com	ajax/pagelet/generic.php	ProfileTimelineSectionPagelet	200	410423043	84552156	231720199	20	13704975	3
facebook.com	ajax/pagelet/generic.php	ProfileTimelineSectionPagelet	200	410419940	84552156	231720199	111	13704975	3
facebook.com	/	/	200	410411292	84552156	231720199	56	6056310	3
facebook.com	/	/	200	410413485	84552156	231720199	33	6056310	3
facebook.com	/	/	200	410411150	84552156	231720199	7	6056310	3
facebook.com	/	/	200	410419109	84552156	231720199	120	6056310	3
facebook.com	/	marcus290	200	410414548	84552156	231720199	3	5713857	3
facebook.com	/	/	200	410420995	84552156	231720199	17	5713857	3
facebook.com	/	/	200	410423830	84552156	231720199	120	5713857	3
facebook.com	/	hakeem.hill.3	200	410421027	84552156	231720199	22	5713857	3
facebook.com	/	/	200	410414150	84552156	231720199	5	5713857	3
facebook.com	/	/	200	410420051	84552156	231720199	17	5713857	3
facebook.com	/	mz.DungeonDragon	200	410422577	84552156	231720199	39	5713857	3
facebook.com	/	/	200	410413440	84552156	231720199	14	6056310	3
facebook.com	/	/	200	410422205	84552156	231720199	120	6056310	3
youtube.com	/	/	200	410421012	84552156	231720199	15	6174440	3
facebook.com	ajax/pagelet/generic.php	ProfileTimelineSectionPagelet	200	410420074	84552156	231720199	6	13704975	3
facebook.com	/	photo.php	200	410418621	84552156	231720199	21	8194002	3
facebook.com	/	photo.php	200	410418740	84552156	231720199	1	8194002	3
youtube.com	/	watch	200	410424781	84552156	231720199	120	7549991	3
youtube.com	/	watch	200	410425567	84552156	231720199	120	7549991	3
youtube.com	/	watch	200	410424098	84552156	231720199	120	7549991	3
youtube.com	/	watch	200	410424703	84552156	231720199	78	7549991	3
facebook.com	ajax/home	generic.php	200	410424600	84552156	231720199	38	4408844	3
facebook.com	ajax/home	generic.php	200	410420812	84552156	231720199	32	4408844	3
facebook.com	ajax/pagelet/generic.php	PhotoViewerPagelet	200	410421061	84552156	231720199	13	3927365	3
facebook.com	ajax/pagelet/generic.php	PhotoViewerInitPagelet	200	410422987	84552156	231720199	25	3927365	3
facebook.com	ajax/pagelet/generic.php	PhotoViewerInitPagelet	200	410420395	84552156	231720199	22	3927365	3
facebook.com	ajax/pagelet/generic.php	PhotoViewerPagelet	200	410414455	84552156	231720199	29	3927365	3
facebook.com	/	kayla.mcduffie.14	200	410411728	84552156	231720199	10	3927365	3
facebook.com	ajax/pagelet/generic.php	PhotoViewerInitPagelet	200	410419063	84552156	231720199	18	3927365	3
facebook.com	ajax/pagelet/generic.php	PhotoViewerPagelet	200	410414780	84552156	231720199	45	3927365	3
facebook.com	ajax/pagelet/generic.php	PhotoViewerPagelet	200	410420417	84552156	231720199	120	3927365	3
facebook.com	ajax/pagelet/generic.php	PhotoViewerInitPagelet	200	410414551	84552156	231720199	24	3927365	3
facebook.com	ajax/pagelet/generic.php	PhotoViewerPagelet	200	410424068	84552156	231720199	23	3927365	3
facebook.com	ajax/pagelet/generic.php	PhotoViewerInitPagelet	200	410414659	84552156	231720199	24	3927365	3
facebook.com	ajax/pagelet/generic.php	PhotoViewerPagelet	200	410414196	84552156	231720199	17	3927365	3
facebook.com	ajax/pagelet/generic.php	PhotoViewerInitPagelet	200	410426130	84552156	231720199	9	3927365	3
facebook.com	ajax/pagelet/generic.php	PhotoViewerPagelet	200	410420080	84552156	231720199	20	3927365	3
facebook.com	ajax/pagelet/generic.php	PhotoViewerInitPagelet	200	410411392	84552156	231720199	9	3927365	3
facebook.com	ajax/pagelet/generic.php	PhotoViewerInitPagelet	200	410414636	84552156	231720199	8	3927365	3
facebook.com	ajax/pagelet/generic.php	PhotoViewerInitPagelet	200	410412923	84552156	231720199	7	3927365	3
facebook.com	ajax/pagelet/generic.php	PhotoViewerPagelet	200	410411401	84552156	231720199	23	3927365	3
facebook.com	ajax/pagelet/generic.php	PhotoViewerInitPagelet	200	410423092	84552156	231720199	120	3927365	3
facebook.com	ajax/pagelet/generic.php	PhotoViewerPagelet	200	410418621	84552156	231720199	0	3927365	3
facebook.com	ajax/pagelet/generic.php	PhotoViewerInitPagelet	200	410414312	84552156	231720199	6	3927365	3
facebook.com	ajax/pagelet/generic.php	PhotoViewerPagelet	200	410414166	84552156	231720199	8	3927365	3
facebook.com	ajax/pagelet/generic.php	PhotoViewerInitPagelet	200	410423404	84552156	231720199	10	3927365	3
facebook.com	ajax/pagelet/generic.php	PhotoViewerPagelet	200	410421587	84552156	231720199	120	3927365	3
facebook.com	ajax/pagelet/generic.php	PhotoViewerPagelet	200	410426091	84552156	231720199	23	3927365	3
facebook.com	ajax/pagelet/generic.php	PhotoViewerInitPagelet	200	410422625	84552156	231720199	9	3927365	3
facebook.com	ajax/pagelet/generic.php	PhotoViewerInitPagelet	200	410422765	84552156	231720199	51	3927365	3
youtube.com	/	watch	200	410424449	84552156	231720199	120	3718815	3
youtube.com	/	results	200	410421156	84552156	231720199	14	3718815	3
youtube.com	user	ThisIsACommentary	200	410425501	84552156	231720199	66	3718815	3
facebook.com	/	index.php	200	410426289	84552156	231720199	60	3531701	5
facebook.com	/	index.php	200	410413397	84552156	231720199	7	3531701	5
facebook.com	/	index.php	200	410413466	84552156	231720199	19	3531701	5
facebook.com	/	index.php	200	410413429	84552156	231720199	11	3531701	5
facebook.com	/	index.php	200	410414139	84552156	231720199	4	3531701	5
facebook.com	/	index.php	200	410411215	84552156	231720199	30	3531701	5
facebook.com	/	travis.carter.315080	200	410414575	84552156	231720199	7	3531701	3
facebook.com	/	issa.thompson.5	200	410422634	84552156	231720199	69	3531701	3
facebook.com	/	DeezyiiMontanna	200	410422703	84552156	231720199	62	3531701	3
facebook.com	/	mobileprotection	200	410423597	84552156	231720199	120	3531701	3
facebook.com	/	index.php	200	410419095	84552156	231720199	14	3531701	5
youtube.com	/	watch	200	410421170	84552156	231720199	120	3718815	3
youtube.com	/	results	200	410424091	84552156	231720199	7	3718815	3
facebook.com	/	mobileprotection	200	410414143	84552156	231720199	7	3531701	3
facebook.com	/	mobileprotection	200	410420225	84552156	231720199	14	3531701	3
facebook.com	/	index.php	200	410420118	84552156	231720199	107	3531701	5
facebook.com	/	index.php	200	410414825	84552156	231720199	600	3531701	5
facebook.com	/	index.php	200	410422191	84552156	231720199	14	3531701	5
facebook.com	/	mobileprotection	200	410413404	84552156	231720199	25	3531701	3
facebook.com	/	mobileprotection	200	410418284	84552156	231720199	17	3531701	3
facebook.com	reina.williams1/posts	395083733908270	200	410412672	84552156	231720199	25	3531701	3
facebook.com	/	jemme.saucier	200	410423063	84552156	231720199	29	3531701	3
facebook.com	/	index.php	200	410423530	84552156	231720199	67	3531701	5
facebook.com	ajax/pagelet/generic.php	PhotoViewerPagelet	200	410422816	84552156	231720199	10	3927365	3
facebook.com	ajax/pagelet/generic.php	PhotoViewerInitPagelet	200	410412956	84552156	231720199	120	3927365	3
facebook.com	ajax/pagelet/generic.php	PhotoViewerPagelet	200	410419368	84552156	231720199	120	3927365	3
facebook.com	ajax/pagelet/generic.php	PhotoViewerInitPagelet	200	410414588	84552156	231720199	10	3927365	3
facebook.com	ajax/pagelet/generic.php	PhotoViewerInitPagelet	200	410414329	84552156	231720199	112	3927365	3
facebook.com	ajax/pagelet/generic.php	PhotoViewerPagelet	200	410418741	84552156	231720199	203	3927365	3
facebook.com	ajax/pagelet/generic.php	PhotoViewerPagelet	200	410414500	84552156	231720199	7	3927365	3
facebook.com	ajax/pagelet/generic.php	PhotoViewerInitPagelet	200	410426076	84552156	231720199	15	3927365	3
facebook.com	ajax/pagelet/generic.php	PhotoViewerInitPagelet	200	410423250	84552156	231720199	5	3927365	3
facebook.com	ajax/pagelet/generic.php	PhotoViewerInitPagelet	200	410411747	84552156	231720199	120	3927365	3
facebook.com	ajax/pagelet/generic.php	PhotoViewerInitPagelet	200	410420318	84552156	231720199	15	3927365	3
facebook.com	ajax/pagelet/generic.php	PhotoViewerInitPagelet	200	410413518	84552156	231720199	37	3927365	3
facebook.com	ajax/pagelet/generic.php	PhotoViewerPagelet	200	410423255	84552156	231720199	52	3927365	3
facebook.com	ajax/pagelet/generic.php	PhotoViewerInitPagelet	200	410424053	84552156	231720199	15	3927365	3
facebook.com	ajax/pagelet/generic.php	PhotoViewerInitPagelet	200	410412949	84552156	231720199	7	3927365	3
facebook.com	ajax/pagelet/generic.php	PhotoViewerInitPagelet	200	410423326	84552156	231720199	20	3927365	3
facebook.com	ajax/pagelet/generic.php	PhotoViewerInitPagelet	200	410414611	84552156	231720199	10	3927365	3
facebook.com	ajax/pagelet/generic.php	PhotoViewerInitPagelet	200	410414774	84552156	231720199	6	3927365	3
facebook.com	ajax/pagelet/generic.php	PhotoViewerInitPagelet	200	410413164	84552156	231720199	120	3927365	3
facebook.com	ajax/pagelet/generic.php	PhotoViewerInitPagelet	200	410418387	84552156	231720199	120	3927365	3
facebook.com	ajax/pagelet/generic.php	PhotoViewerInitPagelet	200	410414484	84552156	231720199	9	3927365	3
facebook.com	ajax/pagelet/generic.php	PhotoViewerPagelet	200	410423012	84552156	231720199	5	3927365	3
facebook.com	ajax/pagelet/generic.php	PhotoViewerInitPagelet	200	410419010	84552156	231720199	7	3927365	3
facebook.com	ajax/pagelet/generic.php	PhotoViewerInitPagelet	200	410420239	84552156	231720199	15	3927365	3
facebook.com	ajax/pagelet/generic.php	PhotoViewerInitPagelet	200	410423307	84552156	231720199	19	3927365	3
facebook.com	ajax/pagelet/generic.php	PhotoViewerInitPagelet	200	410414516	84552156	231720199	17	3927365	3
facebook.com	ajax/pagelet/generic.php	PhotoViewerInitPagelet	200	410413454	84552156	231720199	12	3927365	3
facebook.com	ajax/pagelet/generic.php	PhotoViewerInitPagelet	200	410422842	84552156	231720199	33	3927365	3
facebook.com	ajax/pagelet/generic.php	PhotoViewerPagelet	200	410419032	84552156	231720199	22	3927365	3
facebook.com	/	kayla.mcduffie.14	200	410411722	84552156	231720199	6	3927365	3
facebook.com	ajax/pagelet/generic.php	PhotoViewerPagelet	200	410414598	84552156	231720199	13	3927365	3
facebook.com	ajax/pagelet/generic.php	PhotoViewerPagelet	200	410414621	84552156	231720199	8	3927365	3
facebook.com	ajax/pagelet/generic.php	PhotoViewerInitPagelet	200	410414730	84552156	231720199	8	3927365	3
facebook.com	ajax/pagelet/generic.php	PhotoViewerPagelet	200	410419324	84552156	231720199	44	3927365	3
facebook.com	ajax/pagelet/generic.php	PhotoViewerInitPagelet	200	410414155	84552156	231720199	11	3927365	3
facebook.com	ajax/pagelet/generic.php	PhotoViewerPagelet	200	410413555	84552156	231720199	19	3927365	3
facebook.com	ajax/pagelet/generic.php	PhotoViewerInitPagelet	200	410418376	84552156	231720199	11	3927365	3
facebook.com	ajax/pagelet/generic.php	PhotoViewerInitPagelet	200	410423435	84552156	231720199	13	3927365	3
facebook.com	ajax/pagelet/generic.php	PhotoViewerInitPagelet	200	410423365	84552156	231720199	16	3927365	3
facebook.com	ajax/pagelet/generic.php	PhotoViewerPagelet	200	410414683	84552156	231720199	28	3927365	3
facebook.com	ajax/pagelet/generic.php	PhotoViewerInitPagelet	200	410413157	84552156	231720199	7	3927365	3
facebook.com	ajax/pagelet/generic.php	PhotoViewerInitPagelet	200	410418944	84552156	231720199	14	3927365	3
facebook.com	ajax/pagelet/generic.php	TimelinePhotosStreamPagelet	200	410411738	84552156	231720199	9	3927365	3
facebook.com	ajax/pagelet/generic.php	PhotoViewerInitPagelet	200	410423798	84552156	231720199	32	3927365	3
facebook.com	ajax/pagelet/generic.php	PhotoViewerInitPagelet	200	410421559	84552156	231720199	28	3927365	3
facebook.com	ajax/pagelet/generic.php	PhotoViewerPagelet	200	410423346	84552156	231720199	19	3927365	3
facebook.com	ajax/pagelet/generic.php	PhotoViewerPagelet	200	410423448	84552156	231720199	78	3927365	3
facebook.com	ajax/pagelet/generic.php	PhotoViewerPagelet	200	410420333	84552156	231720199	62	3927365	3
facebook.com	ajax/pagelet/generic.php	PhotoViewerInitPagelet	200	410414183	84552156	231720199	13	3927365	3
facebook.com	ajax/pagelet/generic.php	PhotoViewerInitPagelet	200	410413643	84552156	231720199	55	3927365	3
facebook.com	ajax/pagelet/generic.php	PhotoViewerPagelet	200	410414318	84552156	231720199	6	3927365	3
facebook.com	ajax/pagelet/generic.php	PhotoViewerInitPagelet	200	410414533	84552156	231720199	15	3927365	3
facebook.com	ajax/pagelet/generic.php	PhotoViewerPagelet	200	410426277	84552156	231720199	12	3927365	3
facebook.com	ajax/pagelet/generic.php	PhotoViewerPagelet	200	410426139	84552156	231720199	27	3927365	3
facebook.com	ajax/pagelet/generic.php	PhotoViewerPagelet	200	410414738	84552156	231720199	36	3927365	3
facebook.com	ajax/pagelet/generic.php	PhotoViewerInitPagelet	200	410414493	84552156	231720199	7	3927365	3
facebook.com	ajax/pagelet/generic.php	PhotoViewerInitPagelet	200	410419285	84552156	231720199	39	3927365	3
facebook.com	ajax/pagelet/generic.php	PhotoViewerInitPagelet	200	410419022	84552156	231720199	10	3927365	3
youtube.com	/	results	200	410402982	84392345	232516375	3	3718815	3
youtube.com	/	watch	200	410402753	84392345	232516375	1	3718815	3
youtube.com	/	results	200	410403050	84392345	232516375	7	3718815	3
youtube.com	/	watch	200	410403067	84392345	232516375	9	3718815	3
youtube.com	/	watch	200	410401841	84392345	232516375	7	3718815	3
youtube.com	/	results	200	410402736	84392345	232516375	1	3718815	3
facebook.com	rachel.rickard.5	photos	200	410476849	75652253	233047735	6	5713857	3
facebook.com	media/set	/	200	410473341	75652253	233047735	8	5713857	3
facebook.com	media/set	/	200	410475062	75652253	233047735	32	5713857	3
facebook.com	/	sharon.morris.1481	200	410473764	75652253	233047735	120	5713857	3
facebook.com	/	sharon.morris.1481	200	410474151	75652253	233047735	8	5713857	3
facebook.com	ericajs3	photos	200	410476392	75652253	233047735	24	5713857	3
facebook.com	/	sharon.morris.1481	200	410473757	75652253	233047735	7	5713857	3
facebook.com	/	rachel.rickard.5	200	410476622	75652253	233047735	44	5713857	3
facebook.com	/	mellissasusan.divers	200	410474218	75652253	233047735	6	5713857	3
facebook.com	/	dreama.hodges	200	410474961	75652253	233047735	81	5713857	3
facebook.com	/	abigail.rickard	200	410476821	75652253	233047735	28	5713857	3
facebook.com	/	/	200	410477052	75652253	233047735	120	5713857	3
facebook.com	/	bradley.mccall.1238	200	410473327	75652253	233047735	14	5713857	3
facebook.com	rachel.rickard.5	photos	200	410476666	75652253	233047735	63	5713857	3
facebook.com	/	mellissasusan.divers	200	410474233	75652253	233047735	86	5713857	3
facebook.com	media/set	/	200	410474485	75652253	233047735	10	5713857	3
facebook.com	mellissasusan.divers	info	200	410474224	75652253	233047735	9	5713857	3
facebook.com	/	sharon.morris.1481	200	410474942	75652253	233047735	19	5713857	3
facebook.com	/	sharon.morris.1481	200	410476416	75652253	233047735	24	5713857	3
facebook.com	/	/	200	410472860	75652253	233047735	50	6056310	3
facebook.com	/	/	302	410473231	75652253	233047735	2	6056310	3
facebook.com	/	/	302	410485142	75652253	233047735	3	6056310	3
facebook.com	/	/	302	410485507	75652253	233047735	4	6056310	3
facebook.com	/	/	200	410485145	75652253	233047735	14	6056310	5
facebook.com	/	/	200	410473248	75652253	233047735	32	6056310	3
facebook.com	/	/	302	410482096	75652253	233047735	3	6056310	3
facebook.com	/	/	200	410475554	75652253	233047735	4	6056310	3
facebook.com	/	/	302	410474161	75652253	233047735	2	6056310	3
facebook.com	/	/	302	410485210	75652253	233047735	3	6056310	3
facebook.com	/	/	200	410474163	75652253	233047735	22	6056310	5
facebook.com	/	/	200	410482099	75652253	233047735	9	6056310	5
facebook.com	/	/	200	410473233	75652253	233047735	15	6056310	5
facebook.com	/	/	200	410472825	75652253	233047735	35	6056310	5
facebook.com	/	/	302	410472813	75652253	233047735	12	6056310	3
facebook.com	/	/	200	410485511	75652253	233047735	2	6056310	5
facebook.com	dreama.hodges	photos	200	410475042	75652253	233047735	20	5713857	3
facebook.com	ajax/pagelet/generic.php	PhotoViewerPagelet	200	410475215	75652253	233047735	59	3927365	3
facebook.com	ajax/pagelet/generic.php	PhotoViewerInitPagelet	200	410474660	75652253	233047735	39	3927365	3
facebook.com	ajax/pagelet/generic.php	PhotoViewerPagelet	200	410475348	75652253	233047735	38	3927365	3
facebook.com	ajax/pagelet/generic.php	PhotoViewerInitPagelet	200	410475149	75652253	233047735	19	3927365	3
facebook.com	ajax/pagelet/generic.php	PhotoViewerPagelet	200	410475877	75652253	233047735	120	3927365	3
facebook.com	ajax/pagelet/generic.php	PhotoViewerPagelet	200	410475543	75652253	233047735	11	3927365	3
facebook.com	ajax/pagelet/generic.php	PhotoViewerPagelet	200	410476855	75652253	233047735	38	3927365	3
facebook.com	ajax/pagelet/generic.php	PhotoViewerPagelet	200	410473557	75652253	233047735	175	3927365	3
facebook.com	ajax/timeline	backdated_composer.php	200	410481268	75652253	233047735	35	4408844	3
facebook.com	/	/	200	410485213	75652253	233047735	58	6056310	5
facebook.com	/	/	200	410474185	75652253	233047735	24	6056310	3
pinterest.com	christyr_sts/themes-winter-snow-snowmen	/	200	410483112	75652253	233047735	10	9768885	3
pinterest.com	pin/19914423322790673	/	200	410477462	75652253	233047735	28	9768885	3
pinterest.com	LaurasLeftHook/calendar-pieces	/	200	410477420	75652253	233047735	42	9768885	3
pinterest.com	christyr_sts/themes-winter-snow-snowmen	/	200	410483071	75652253	233047735	17	9768885	3
facebook.com	/	kaylee.hiatt	200	410476096	75652253	233047735	11	8222324	3
facebook.com	ericajs3	photos	200	410475446	75652253	233047735	34	8222324	3
facebook.com	/	sblawson1	200	410476893	75652253	233047735	73	8222324	3
facebook.com	/	ericajs3	200	410475386	75652253	233047735	60	8222324	3
facebook.com	/	mary.e.parker.58	200	410476440	75652253	233047735	26	8222324	3
facebook.com	/	kathy.hiatt.37	200	410476966	75652253	233047735	86	8222324	3
facebook.com	pages/Franklin-County-Family-YMCA	208353857592	200	410474084	75652253	233047735	67	8222321	3
facebook.com	search	results.php	200	410473744	75652253	233047735	13	8222317	3
pinterest.com	LaurasLeftHook/calendar-pieces	/	200	410477394	75652253	233047735	26	9768885	3
pinterest.com	christyr_sts/themes-winter-snow-snowmen	/	200	410483103	75652253	233047735	9	9768885	3
facebook.com	ajax/pagelet/generic.php	MoreStoriesPagelet	200	410474209	75652253	233047735	9	14932183	3
facebook.com	ajax/pagelet/generic.php	MoreStoriesPagelet	200	410473280	75652253	233047735	47	14932183	3
facebook.com	ajax/pagelet/generic.php	MoreStoriesPagelet	200	410472953	75652253	233047735	120	14932183	3
facebook.com	ajax/pagelet/generic.php	MoreStoriesPagelet	200	410472910	75652253	233047735	43	14932183	3
facebook.com	ajax/pagelet/generic.php	ProfileTimelineSectionPagelet	200	410476466	75652253	233047735	120	13704975	3
facebook.com	ajax/pagelet/generic.php	ProfileTimelineSectionPagelet	200	410476148	75652253	233047735	14	13704975	3
facebook.com	ajax/pagelet/generic.php	ProfileTimelineSectionPagelet	200	410476162	75652253	233047735	120	13704975	3
facebook.com	ajax/pagelet/generic.php	ProfileTimelineSectionPagelet	200	410476107	75652253	233047735	41	13704975	3
pinterest.com	pin/111323422008728524	/	200	410483088	75652253	233047735	15	9768885	3
pinterest.com	offsite	/	302	410477490	75652253	233047735	2	9768885	3
facebook.com	search	results.php	200	410474932	75652253	233047735	10	8222317	3
facebook.com	search	results.php	200	410474159	75652253	233047735	2	8222317	3
facebook.com	/	profile.php	200	410474365	75652253	233047735	25	8194001	3
facebook.com	/	profile.php	200	410474629	75652253	233047735	10	8194001	3
facebook.com	/	profile.php	200	410474458	75652253	233047735	27	8194001	3
facebook.com	/	profile.php	200	410474639	75652253	233047735	21	8194001	3
facebook.com	/	profile.php	200	410474420	75652253	233047735	38	8194001	3
facebook.com	/	profile.php	200	410474390	75652253	233047735	30	8194001	3
facebook.com	/	profile.php	200	410476090	75652253	233047735	6	8194001	3
facebook.com	ajax/pagelet/generic.php	PhotoViewerPagelet	200	410473475	75652253	233047735	82	3927365	3
facebook.com	ajax/pagelet/generic.php	PhotoViewerInitPagelet	200	410475168	75652253	233047735	47	3927365	3
facebook.com	ajax/pagelet/generic.php	PhotoViewerInitPagelet	200	410475495	75652253	233047735	33	3927365	3
facebook.com	ajax/pagelet/generic.php	PhotoViewerInitPagelet	200	410473349	75652253	233047735	38	3927365	3
facebook.com	ajax/pagelet/generic.php	PhotoViewerInitPagelet	200	410475786	75652253	233047735	61	3927365	3
facebook.com	ajax/pagelet/generic.php	PhotoViewerInitPagelet	200	410474603	75652253	233047735	26	3927365	3
facebook.com	ajax/pagelet/generic.php	PhotoViewerPagelet	200	410475847	75652253	233047735	30	3927365	3
facebook.com	ajax/pagelet/generic.php	PhotoViewerInitPagelet	200	410473736	75652253	233047735	8	3927365	3
facebook.com	ajax/pagelet/generic.php	PhotoViewerInitPagelet	200	410474699	75652253	233047735	14	3927365	3
facebook.com	ajax/pagelet/generic.php	PhotoViewerInitPagelet	200	410474319	75652253	233047735	46	3927365	3
facebook.com	ajax/pagelet/generic.php	PhotoViewerPagelet	200	410475274	75652253	233047735	74	3927365	3
facebook.com	ajax/pagelet/generic.php	PhotoViewerPagelet	200	410474757	75652253	233047735	40	3927365	3
facebook.com	ericajs3	photos	200	410475558	75652253	233047735	14	3927365	3
facebook.com	ajax/pagelet/generic.php	PhotoViewerPagelet	200	410476789	75652253	233047735	32	3927365	3
facebook.com	ajax/pagelet/generic.php	PhotoViewerInitPagelet	200	410475119	75652253	233047735	30	3927365	3
facebook.com	ajax/pagelet/generic.php	PhotoViewerInitPagelet	200	410474495	75652253	233047735	28	3927365	3
facebook.com	ajax/pagelet/generic.php	PhotoViewerInitPagelet	200	410475094	75652253	233047735	25	3927365	3
facebook.com	ericajs3	photos	200	410475764	75652253	233047735	22	3927365	3
facebook.com	ajax/pagelet/generic.php	PhotoViewerPagelet	200	410474523	75652253	233047735	80	3927365	3
facebook.com	ajax/pagelet/generic.php	PhotoViewerInitPagelet	200	410473732	75652253	233047735	4	3927365	3
facebook.com	ajax/pagelet/generic.php	PhotoViewerInitPagelet	200	410474860	75652253	233047735	72	3927365	3
facebook.com	ajax/pagelet/generic.php	PhotoViewerInitPagelet	200	410474797	75652253	233047735	63	3927365	3
facebook.com	ajax/pagelet/generic.php	PhotoViewerPagelet	200	410473387	75652253	233047735	88	3927365	3
facebook.com	ajax/pagelet/generic.php	PhotoViewerPagelet	200	410474713	75652253	233047735	44	3927365	3
facebook.com	ajax/pagelet/generic.php	PhotoViewerPagelet	200	410475528	75652253	233047735	15	3927365	3
facebook.com	ajax/pagelet/generic.php	PhotoViewerInitPagelet	200	410475729	75652253	233047735	35	3927365	3
facebook.com	ajax/pagelet/generic.php	PhotoViewerInitPagelet	200	410476729	75652253	233047735	60	3927365	3
facebook.com	/	index.php	200	410477188	75652253	233047735	20	3531701	5
facebook.com	media/set	/	200	410475572	75652253	233047735	120	3531701	3
facebook.com	media/set	/	200	410475480	75652253	233047735	15	3531701	3
facebook.com	bubblewitch	/	200	410405303	85340973	233117887	120	14934473	3
facebook.com	bubblewitch	/	200	410431569	85340973	233117887	10	14934473	3
facebook.com	bubblewitch	/	200	410476541	85340973	233117887	120	14934473	5
facebook.com	bubblewitch	/	200	410408006	85340973	233117887	60	14934473	5
facebook.com	bubblewitch	/	200	410486091	85340973	233117887	60	14934473	5
facebook.com	bubblewitch	/	200	410451529	85340973	233117887	120	14934473	5
facebook.com	ajax/pagelet/generic.php	MoreStoriesPagelet	200	410407272	85340973	233117887	48	14932183	5
facebook.com	ajax/pagelet/generic.php	MoreStoriesPagelet	200	410405087	85340973	233117887	82	14932183	3
facebook.com	ajax/pagelet/generic.php	MoreStoriesPagelet	200	410405076	85340973	233117887	11	14932183	3
facebook.com	ajax/pagelet/generic.php	MoreStoriesPagelet	200	410406941	85340973	233117887	24	14932183	3
facebook.com	ajax/pagelet/generic.php	MoreStoriesPagelet	200	410454288	85340973	233117887	29	14932183	5
facebook.com	ajax/pagelet/generic.php	MoreStoriesPagelet	200	410450340	85340973	233117887	70	14932183	5
facebook.com	ajax/pagelet/generic.php	MoreStoriesPagelet	200	410409820	85340973	233117887	120	14932183	5
facebook.com	ajax/pagelet/generic.php	MoreStoriesPagelet	200	410451520	85340973	233117887	9	14932183	5
facebook.com	ajax/pagelet/generic.php	MoreStoriesPagelet	200	410405248	85340973	233117887	12	14932183	3
facebook.com	ajax/pagelet/generic.php	MoreStoriesPagelet	200	410406965	85340973	233117887	42	14932183	3
facebook.com	ajax/pagelet/generic.php	MoreStoriesPagelet	200	410407976	85340973	233117887	30	14932183	5
facebook.com	ajax/pagelet/generic.php	MoreStoriesPagelet	200	410431507	85340973	233117887	62	14932183	3
facebook.com	ajax/pagelet/generic.php	PhotoViewerInitPagelet	200	410405260	85340973	233117887	43	3927365	3
facebook.com	ajax/home	generic.php	200	410406939	85340973	233117887	2	4408844	3
facebook.com	bingoblitz	/	200	410450415	85340973	233117887	38	4761456	5
facebook.com	petrescuesaga	/	200	410407320	85340973	233117887	120	4761456	5
facebook.com	petrescuesaga	/	200	410452879	85340973	233117887	120	4761456	5
facebook.com	petrescuesaga	/	200	410405230	85340973	233117887	16	4761456	3
facebook.com	petrescuesaga	/	200	410478060	85340973	233117887	120	4761456	5
facebook.com	bingoblitz	/	200	410407007	85340973	233117887	2	4761456	3
facebook.com	bingoblitz	/	200	410405169	85340973	233117887	1	4761456	3
facebook.com	dialog	apprequests	200	410431579	85340973	233117887	120	3531701	5
facebook.com	apps	feed	200	410407198	85340973	233117887	51	3531701	3
facebook.com	sharer	sharer.php	200	410454359	85340973	233117887	80	3531701	5
facebook.com	bingoblitz	/	200	410429855	85340973	233117887	2	4761456	3
facebook.com	/	home.php	200	410405246	85340973	233117887	2	8045108	3
facebook.com	/	home.php	200	410405031	85340973	233117887	45	8045108	3
facebook.com	/	home.php	200	410404860	85340973	233117887	37	8045108	3
facebook.com	/	home.php	200	410434171	85340973	233117887	60	8045108	3
facebook.com	/	home.php	200	410406930	85340973	233117887	7	8045108	3
facebook.com	/	home.php	200	410431426	85340973	233117887	81	8045108	3
facebook.com	/	home.php	200	410404988	85340973	233117887	16	8045108	3
facebook.com	/	home.php	200	410429850	85340973	233117887	5	8045108	5
facebook.com	/	/	302	410450311	85340973	233117887	11	6056310	3
facebook.com	/	/	200	410407256	85340973	233117887	16	6056310	5
facebook.com	/	home.php	200	410406937	85340973	233117887	2	5713857	3
facebook.com	/	/	302	410407249	85340973	233117887	7	6056310	3
facebook.com	/	/	200	410478048	85340973	233117887	12	6056310	5
facebook.com	/	/	200	410452869	85340973	233117887	10	6056310	5
facebook.com	/	/	200	410454277	85340973	233117887	11	6056310	5
facebook.com	/	/	302	410476510	85340973	233117887	12	6056310	3
facebook.com	/	/	200	410450322	85340973	233117887	2	6056310	5
facebook.com	/	/	200	410478545	85340973	233117887	60	6056310	5
facebook.com	/	/	200	410451512	85340973	233117887	8	6056310	5
facebook.com	/	/	200	410407971	85340973	233117887	5	6056310	5
facebook.com	/	/	200	410476522	85340973	233117887	19	6056310	5
facebook.com	/	/	200	410486062	85340973	233117887	29	6056310	5
facebook.com	/	/	302	410451505	85340973	233117887	7	6056310	3
facebook.com	/	/	200	410409814	85340973	233117887	6	6056310	5
facebook.com	/	home.php	200	410405597	86066146	233655031	46	8045108	3
facebook.com	/	home.php	200	410461809	86066146	233655031	28	8045108	3
facebook.com	/	home.php	200	410403744	86066146	233655031	37	8045108	3
facebook.com	/	home.php	200	410482149	86066146	233655031	40	8045108	3
facebook.com	/	home.php	200	410406921	86066146	233655031	35	8045108	3
facebook.com	/	home.php	200	410426261	86066146	233655031	26	8045108	3
facebook.com	/	home.php	200	410476814	86066146	233655031	46	8045108	3
facebook.com	/	home.php	200	410448644	86066146	233655031	14	8045108	3
facebook.com	/	home.php	200	410458684	86066146	233655031	91	8045108	3
facebook.com	/	home.php	200	410462911	86066146	233655031	69	8045108	3
facebook.com	/	home.php	200	410469282	86066146	233655031	32	8045108	3
facebook.com	/	home.php	200	410460967	86066146	233655031	57	8045108	3
facebook.com	/	home.php	200	410452089	86066146	233655031	79	8045108	3
facebook.com	/	home.php	200	410479664	86066146	233655031	120	8045108	3
facebook.com	slotsgalaxy	/	200	410453718	86066146	233655031	6	14256283	3
facebook.com	slotsgalaxy	/	200	410461924	86066146	233655031	11	14256283	3
facebook.com	slotsgalaxy	/	200	410448834	86066146	233655031	5	14256283	3
facebook.com	slotsgalaxy	/	200	410426463	86066146	233655031	5	14256283	3
facebook.com	slotsgalaxy	/	200	410477003	86066146	233655031	5	14256283	3
facebook.com	ajax/pagelet/generic.php	MoreStoriesPagelet	200	410479906	86066146	233655031	8	14932183	3
facebook.com	ajax/pagelet/generic.php	MoreStoriesPagelet	200	410426385	86066146	233655031	14	14932183	3
facebook.com	ajax/pagelet/generic.php	MoreStoriesPagelet	200	410469314	86066146	233655031	67	14932183	3
facebook.com	ajax/pagelet/generic.php	MoreStoriesPagelet	200	410482189	86066146	233655031	44	14932183	3
facebook.com	ajax/pagelet/generic.php	MoreStoriesPagelet	200	410479223	86066146	233655031	120	14932183	3
facebook.com	ajax/pagelet/generic.php	MoreStoriesPagelet	200	410458775	86066146	233655031	24	14932183	3
facebook.com	slotsgalaxy	/	200	410478418	86066146	233655031	3	14256283	3
facebook.com	slotsgalaxy	/	200	410404239	86066146	233655031	3	14256283	3
facebook.com	slotsgalaxy	/	200	410464003	86066146	233655031	2	14256283	3
facebook.com	ajax/pagelet/generic.php	ProfileTimelineSectionPagelet	200	410405664	86066146	233655031	10	13704975	3
facebook.com	slotsgalaxy	/	200	410403924	86066146	233655031	9	14256283	3
facebook.com	ajax/pagelet/generic.php	MoreStoriesPagelet	200	410469381	86066146	233655031	15	14932183	3
facebook.com	ajax/pagelet/generic.php	MoreStoriesPagelet	200	410463858	86066146	233655031	120	14932183	3
facebook.com	ajax/pagelet/generic.php	MoreStoriesPagelet	200	410426371	86066146	233655031	14	14932183	3
facebook.com	ajax/pagelet/generic.php	MoreStoriesPagelet	200	410453356	86066146	233655031	18	14932183	3
facebook.com	ajax/pagelet/generic.php	MoreStoriesPagelet	200	410405773	86066146	233655031	14	14932183	3
facebook.com	ajax/pagelet/generic.php	MoreStoriesPagelet	200	410404419	86066146	233655031	120	14932183	3
facebook.com	ajax/pagelet/generic.php	MoreStoriesPagelet	200	410483095	86066146	233655031	36	14932183	3
facebook.com	ajax/pagelet/generic.php	MoreStoriesPagelet	200	410426308	86066146	233655031	33	14932183	3
facebook.com	ajax/pagelet/generic.php	MoreStoriesPagelet	200	410454104	86066146	233655031	51	14932183	3
facebook.com	ajax/pagelet/generic.php	MoreStoriesPagelet	200	410476860	86066146	233655031	38	14932183	3
facebook.com	ajax/pagelet/generic.php	MoreStoriesPagelet	200	410455394	86066146	233655031	60	14932183	3
facebook.com	ajax/pagelet/generic.php	MoreStoriesPagelet	200	410448658	86066146	233655031	38	14932183	3
facebook.com	ajax/pagelet/generic.php	MoreStoriesPagelet	200	410453836	86066146	233655031	24	14932183	3
facebook.com	ajax/pagelet/generic.php	MoreStoriesPagelet	200	410426341	86066146	233655031	30	14932183	3
facebook.com	/	/	200	410403903	86066146	233655031	21	3531701	3
facebook.com	/	/	200	410469548	86066146	233655031	120	3531701	3
facebook.com	/	/	200	410454070	86066146	233655031	34	3531701	3
facebook.com	/	/	200	410426541	86066146	233655031	9	3531701	3
facebook.com	/	/	200	410455371	86066146	233655031	23	3531701	3
facebook.com	/	/	200	410403967	86066146	233655031	19	3531701	3
facebook.com	/	/	200	410482516	86066146	233655031	71	3531701	3
facebook.com	/	/	200	410476983	86066146	233655031	20	3531701	3
facebook.com	/	/	200	410476926	86066146	233655031	13	3531701	3
facebook.com	/	/	200	410477027	86066146	233655031	0	3531701	3
facebook.com	/	/	200	410479133	86066146	233655031	90	3531701	3
facebook.com	/	/	200	410404385	86066146	233655031	34	3531701	3
facebook.com	/	/	200	410406202	86066146	233655031	18	3531701	3
facebook.com	/	/	200	410448858	86066146	233655031	12	3531701	3
facebook.com	/	/	200	410477500	86066146	233655031	120	3531701	3
facebook.com	/	/	200	410461952	86066146	233655031	120	3531701	3
facebook.com	/	/	200	410406356	86066146	233655031	120	3531701	3
facebook.com	/	/	200	410459168	86066146	233655031	28	3531701	3
facebook.com	/	/	200	410404214	86066146	233655031	25	3531701	3
facebook.com	/	/	200	410448814	86066146	233655031	20	3531701	3
facebook.com	/	/	200	410461122	86066146	233655031	17	3531701	3
facebook.com	/	/	200	410403833	86066146	233655031	34	3531701	3
facebook.com	/	/	200	410461064	86066146	233655031	12	3531701	3
facebook.com	/	/	200	410461901	86066146	233655031	23	3531701	3
facebook.com	/	/	200	410453499	86066146	233655031	120	3531701	3
facebook.com	/	/	200	410477065	86066146	233655031	43	3531701	3
facebook.com	/	/	200	410478731	86066146	233655031	9	3531701	3
facebook.com	/	/	200	410464633	86066146	233655031	60	3531701	3
facebook.com	/	/	200	410426487	86066146	233655031	5	3531701	3
facebook.com	/	/	200	410448717	86066146	233655031	7	3531701	3
youtube.com	/	watch	200	410408684	86066146	233655031	70	3718815	3
youtube.com	/	watch	200	410409314	86066146	233655031	83	3718815	3
youtube.com	/	watch	200	410409254	86066146	233655031	60	3718815	3
youtube.com	/	watch	200	410409397	86066146	233655031	41	3718815	3
youtube.com	/	watch	200	410409038	86066146	233655031	216	3718815	3
youtube.com	/	watch	200	410409495	86066146	233655031	60	3718815	3
youtube.com	/	watch	200	410408885	86066146	233655031	153	3718815	3
youtube.com	user	FailureHome	200	410409438	86066146	233655031	57	3718815	3
facebook.com	/	/	200	410453805	86066146	233655031	31	3531701	3
facebook.com	/	/	200	410463838	86066146	233655031	20	3531701	3
facebook.com	/	/	200	410426455	86066146	233655031	8	3531701	3
facebook.com	/	/	200	410449223	86066146	233655031	79	3531701	3
facebook.com	/	/	200	410479043	86066146	233655031	13	3531701	3
facebook.com	/	/	200	410453341	86066146	233655031	15	3531701	3
facebook.com	/	/	200	410483027	86066146	233655031	68	3531701	3
facebook.com	/	/	200	410426582	86066146	233655031	7	3531701	3
facebook.com	/	/	200	410478412	86066146	233655031	6	3531701	3
facebook.com	/	/	200	410426287	86066146	233655031	21	3531701	3
facebook.com	/	/	200	410461446	86066146	233655031	5	3531701	3
facebook.com	/	/	200	410461396	86066146	233655031	23	3531701	3
facebook.com	/	/	200	410483306	86066146	233655031	4	3531701	3
facebook.com	/	/	200	410426422	86066146	233655031	9	3531701	3
amazon.com	review	review-your-purchases	302	410459262	86066146	233655031	46	671065	3
youtube.com	/	watch	200	410408754	86066146	233655031	131	3718815	3
facebook.com	ajax/pagelet/generic.php	PhotoViewerInitPagelet	200	410405703	86066146	233655031	33	3927365	3
facebook.com	ajax/home	generic.php	200	410461451	86066146	233655031	120	4408844	3
facebook.com	onthefarm	/	200	410461419	86066146	233655031	7	7212428	3
youtube.com	/	/	200	410408639	86066146	233655031	45	6174440	3
facebook.com	hollywood_slots	/	200	410403867	86066146	233655031	8	4761456	3
facebook.com	luckyslotsgame	/	200	410461155	86066146	233655031	9	4761456	3
facebook.com	caesars	/	200	410476898	86066146	233655031	3	4761456	3
facebook.com	caesars	/	200	410403781	86066146	233655031	1	4761456	3
facebook.com	luckyslotsgame	/	200	410403986	86066146	233655031	9	4761456	3
facebook.com	slotuniverse	/	200	410426550	86066146	233655031	2	4761456	3
facebook.com	luckyslotsgame	/	200	410452168	86066146	233655031	1	4761456	3
facebook.com	doubledowncasino	/	200	410453374	86066146	233655031	6	4761456	3
facebook.com	caesars	/	200	410426399	86066146	233655031	1	4761456	3
facebook.com	caesars	/	200	410461024	86066146	233655031	16	4761456	3
facebook.com	doubledowncasino	/	200	410426589	86066146	233655031	4	4761456	3
facebook.com	luckyslotsgame	/	200	410461843	86066146	233655031	3	4761456	3
facebook.com	caesars	/	200	410469396	86066146	233655031	1	4761456	3
facebook.com	luckyslotsgame	/	200	410483283	86066146	233655031	3	4761456	3
facebook.com	hollywood_slots	/	200	410454155	86066146	233655031	3	4761456	3
facebook.com	hollywood_slots	/	200	410448724	86066146	233655031	4	4761456	3
facebook.com	hollywood_slots	/	200	410426431	86066146	233655031	3	4761456	3
facebook.com	luckyslotsgame	/	200	410426492	86066146	233655031	1	4761456	3
facebook.com	luckyslotsgame	/	200	410477643	86066146	233655031	1	4761456	3
facebook.com	luckyslotsgame	/	200	410462983	86066146	233655031	6	4761456	3
facebook.com	hollywood_slots	/	200	410482587	86066146	233655031	2	4761456	3
facebook.com	doubledowncasino	/	200	410478745	86066146	233655031	120	4761456	3
facebook.com	luckyslotsgame	/	200	410453249	86066146	233655031	4	4761456	3
facebook.com	slotuniverse	/	200	410477108	86066146	233655031	3	4761456	3
facebook.com	hollywood_slots	/	200	410406220	86066146	233655031	4	4761456	3
facebook.com	luckyslotsgame	/	200	410477040	86066146	233655031	1	4761456	3
facebook.com	luckyslotsgame	/	200	410448870	86066146	233655031	2	4761456	3
facebook.com	media/set	/	200	410458836	86066146	233655031	5	5713857	3
facebook.com	janette.jones.988	photos_stream	200	410405674	86066146	233655031	7	5713857	3
facebook.com	janette.jones.988	photos_albums	200	410405681	86066146	233655031	18	5713857	3
facebook.com	/	robin.boyce.52	200	410458799	86066146	233655031	5	5713857	3
facebook.com	media/set	/	200	410405699	86066146	233655031	4	5713857	3
facebook.com	media/set	/	200	410458841	86066146	233655031	9	5713857	3
facebook.com	/	janette.jones.988	200	410405643	86066146	233655031	21	5713857	3
facebook.com	robin.boyce.52	photos_stream	200	410458804	86066146	233655031	26	5713857	3
facebook.com	/	/	200	410458850	86066146	233655031	120	5713857	3
facebook.com	robin.boyce.52	photos_albums	200	410458830	86066146	233655031	6	5713857	3
facebook.com	slotuniverse	/	200	410449302	86066146	233655031	4	4761456	3
facebook.com	hollywood_slots	/	200	410461076	86066146	233655031	1	4761456	3
facebook.com	luckyslotsgame	/	200	410404111	86066146	233655031	2	4761456	3
facebook.com	caesars	/	200	410482233	86066146	233655031	2	4761456	3
facebook.com	slotuniverse	/	200	410458996	86066146	233655031	2	4761456	3
facebook.com	caesars	/	200	410405787	86066146	233655031	5	4761456	3
facebook.com	hollywood_slots	/	200	410476939	86066146	233655031	2	4761456	3
facebook.com	caesars	/	200	410448696	86066146	233655031	3	4761456	3
facebook.com	doubledowncasino	/	200	410479056	86066146	233655031	4	4761456	3
facebook.com	caesars	/	200	410453860	86066146	233655031	1	4761456	3
facebook.com	/	/	200	410405736	86066146	233655031	37	5713857	3
youtube.com	/	watch	200	410464341	85689090	233688031	204	3718815	3
youtube.com	/	results	200	410448884	85689090	233688031	7	3718815	3
youtube.com	/	watch	200	410449339	85689090	233688031	19	3718815	3
youtube.com	/	watch	200	410449415	85689090	233688031	14	3718815	3
youtube.com	feed	UC1Diq4duvGuTUaGxk61-LOQ	200	410448771	85689090	233688031	10	3718815	3
youtube.com	user	MrTPoops	200	410466080	85689090	233688031	6	3718815	3
youtube.com	/	watch	200	410467457	85689090	233688031	24	3718815	3
youtube.com	/	watch	200	410452738	85689090	233688031	200	3718815	3
youtube.com	/	watch	200	410467014	85689090	233688031	38	3718815	3
youtube.com	/	watch	200	410460262	85689090	233688031	317	3718815	3
youtube.com	/	watch	200	410450034	85689090	233688031	10	3718815	3
youtube.com	/	results	200	410448878	85689090	233688031	6	3718815	3
youtube.com	/	watch	200	410449766	85689090	233688031	30	3718815	3
youtube.com	/	watch	200	410462990	85689090	233688031	282	3718815	3
youtube.com	/	watch	200	410467481	85689090	233688031	21	3718815	3
youtube.com	/	watch	200	410465454	85689090	233688031	600	3718815	3
youtube.com	/	watch	200	410460579	85689090	233688031	46	3718815	3
youtube.com	/	watch	200	410451632	85689090	233688031	31	3718815	3
youtube.com	/	watch	200	410463278	85689090	233688031	186	3718815	3
youtube.com	/	watch	200	410453805	85689090	233688031	156	3718815	3
youtube.com	/	watch	200	410463762	85689090	233688031	67	3718815	3
youtube.com	/	watch	200	410451558	85689090	233688031	74	3718815	3
youtube.com	/	watch	200	410467375	85689090	233688031	61	3718815	3
youtube.com	/	results	200	410448864	85689090	233688031	14	3718815	3
youtube.com	/	watch	200	410467059	85689090	233688031	274	3718815	3
youtube.com	/	watch	200	410461498	85689090	233688031	227	3718815	3
youtube.com	/	watch	200	410451663	85689090	233688031	8	3718815	3
youtube.com	/	watch	200	410450044	85689090	233688031	600	3718815	3
youtube.com	/	watch	200	410466422	85689090	233688031	207	3718815	3
youtube.com	/	watch	200	410467052	85689090	233688031	7	3718815	3
youtube.com	/	watch	200	410453961	85689090	233688031	12	3718815	3
youtube.com	/	watch	200	410461725	85689090	233688031	100	3718815	3
youtube.com	/	watch	200	410451191	85689090	233688031	367	3718815	3
youtube.com	/	watch	200	410452938	85689090	233688031	18	3718815	3
youtube.com	/	watch	200	410453192	85689090	233688031	496	3718815	3
youtube.com	/	watch	200	410448781	85689090	233688031	83	3718815	3
youtube.com	/	watch	200	410449358	85689090	233688031	57	3718815	3
youtube.com	/	watch	200	410448926	85689090	233688031	252	3718815	3
youtube.com	user	95Shade	200	410448692	85689090	233688031	79	3718815	3
youtube.com	/	watch	200	410453973	85689090	233688031	48	3718815	3
youtube.com	/	watch	200	410466629	85689090	233688031	378	3718815	3
youtube.com	/	watch	200	410467333	85689090	233688031	7	3718815	3
youtube.com	/	watch	200	410449474	85689090	233688031	39	3718815	3
youtube.com	/	watch	200	410467436	85689090	233688031	15	3718815	3
youtube.com	/	watch	200	410467451	85689090	233688031	6	3718815	3
youtube.com	/	watch	200	410450675	85689090	233688031	516	3718815	3
youtube.com	/	watch	200	410461825	85689090	233688031	121	3718815	3
youtube.com	/	results	200	410463272	85689090	233688031	6	3718815	3
youtube.com	/	watch	200	410449702	85689090	233688031	64	3718815	3
youtube.com	/	watch	200	410451671	85689090	233688031	600	3718815	3
youtube.com	/	watch	200	410461946	85689090	233688031	600	3718815	3
youtube.com	/	watch	200	410448891	85689090	233688031	35	3718815	3
youtube.com	/	results	200	410453187	85689090	233688031	5	3718815	3
youtube.com	/	watch	200	410459661	85689090	233688031	600	3718815	3
youtube.com	/	watch	200	410449693	85689090	233688031	9	3718815	3
youtube.com	/	watch	200	410459028	85689090	233688031	600	3718815	3
youtube.com	/	watch	200	410464024	85689090	233688031	317	3718815	3
youtube.com	/	watch	200	410464549	85689090	233688031	600	3718815	3
youtube.com	/	watch	200	410466086	85689090	233688031	6	3718815	3
youtube.com	/	watch	200	410449248	85689090	233688031	91	3718815	3
youtube.com	/	watch	200	410453688	85689090	233688031	117	3718815	3
youtube.com	/	watch	200	410467502	85689090	233688031	324	3718815	3
youtube.com	/	watch	200	410454021	85689090	233688031	31	3718815	3
youtube.com	/	watch	200	410463464	85689090	233688031	196	3718815	3
youtube.com	/	watch	200	410467340	85689090	233688031	35	3718815	3
youtube.com	/	watch	200	410460625	85689090	233688031	600	3718815	3
youtube.com	/	watch	200	410466092	85689090	233688031	330	3718815	3
youtube.com	/	watch	200	410454052	85689090	233688031	600	3718815	3
youtube.com	/	watch	200	410463660	85689090	233688031	56	3718815	3
youtube.com	/	watch	200	410449429	85689090	233688031	45	3718815	3
youtube.com	/	watch	200	410463829	85689090	233688031	195	3718815	3
youtube.com	/	watch	200	410463716	85689090	233688031	46	3718815	3
youtube.com	/	watch	200	410467007	85689090	233688031	7	3718815	3
youtube.com	/	watch	200	410449178	85689090	233688031	70	3718815	3
youtube.com	/	watch	200	410452956	85689090	233688031	231	3718815	3
youtube.com	/	results	200	410464545	85689090	233688031	4	3718815	3
youtube.com	/	/	200	410448660	85689090	233688031	32	6174440	3
facebook.com	/	/	302	410425782	87156013	235698871	1	8047962	3
facebook.com	/	/	200	410425413	87156013	235698871	369	8047962	3
facebook.com	/	/	302	410468334	87156013	235698871	4	8047962	3
facebook.com	/	/	200	410425783	87156013	235698871	28	8047962	5
facebook.com	/	/	200	410468348	87156013	235698871	9	6056310	3
facebook.com	/	/	200	410425357	87156013	235698871	56	6056310	3
facebook.com	/	/	200	410425811	87156013	235698871	11	6056310	3
facebook.com	/	/	200	410428492	87156013	235698871	5	6056310	3
facebook.com	messages	100002514913800	200	410426408	87156013	235698871	40	5713857	3
facebook.com	/	/	200	410426375	87156013	235698871	7	5713857	3
facebook.com	ashlyn.n.hastings/posts	10151226108242659	200	410425822	87156013	235698871	19	5713857	3
facebook.com	/	/	200	410468338	87156013	235698871	10	8047962	5
facebook.com	ajax/pagelet/generic.php	MoreStoriesPagelet	200	410425845	87156013	235698871	69	14932183	3
facebook.com	ajax/pagelet/generic.php	MoreStoriesPagelet	200	410426213	87156013	235698871	38	14932183	3
facebook.com	ajax/pagelet/generic.php	MoreStoriesPagelet	200	410425914	87156013	235698871	35	14932183	3
facebook.com	ajax/pagelet/generic.php	MoreStoriesPagelet	200	410425949	87156013	235698871	4	14932183	3
facebook.com	ajax/pagelet/generic.php	MoreStoriesPagelet	200	410426130	87156013	235698871	30	14932183	3
facebook.com	ajax/pagelet/generic.php	MoreStoriesPagelet	200	410426060	87156013	235698871	70	14932183	3
facebook.com	ajax/pagelet/generic.php	MoreStoriesPagelet	200	410426160	87156013	235698871	53	14932183	3
facebook.com	ajax/pagelet/generic.php	MoreStoriesPagelet	200	410426041	87156013	235698871	19	14932183	3
facebook.com	ajax/pagelet/generic.php	MoreStoriesPagelet	200	410425996	87156013	235698871	45	14932183	3
facebook.com	/	/	200	410426290	87156013	235698871	10	5713857	3
facebook.com	/	/	200	410425841	87156013	235698871	4	5713857	3
facebook.com	/	/	200	410426464	87156013	235698871	120	5713857	3
facebook.com	/	ashlyn.n.hastings	200	410426402	87156013	235698871	6	3531701	3
facebook.com	/	index.php	200	410434546	87156013	235698871	60	3531701	5
facebook.com	/	2835integrity	200	410434521	87156013	235698871	2	3531701	3
facebook.com	/	2835integrity	200	410426304	87156013	235698871	71	3531701	3
facebook.com	/	identity_switch.php	302	410434517	87156013	235698871	4	3531701	3
facebook.com	/	/	200	410468653	87156013	235698871	60	3531701	3
facebook.com	2835integrity/posts	10151199310812916	200	410434523	87156013	235698871	9	3531701	3
facebook.com	ashlyn.n.hastings/posts	10151226108242659	200	410426264	87156013	235698871	26	5713857	3
facebook.com	/	2835integrity	200	410426382	87156013	235698871	15	5713857	3
facebook.com	/	/	200	410426397	87156013	235698871	5	5713857	3
facebook.com	/	/	200	410434532	87156013	235698871	14	5713857	3
facebook.com	ashlyn.n.hastings/posts	10151226108242659	200	410426448	87156013	235698871	16	5713857	3
facebook.com	m_calendar	calendar.php	200	410427286	87156013	235698871	1	4761456	3
facebook.com	godwantsyouprod	/	200	410468357	87156013	235698871	120	4761456	3
facebook.com	ajax/home	generic.php	200	410428497	87156013	235698871	60	4408844	3
facebook.com	ajax/pagelet/generic.php	PhotoViewerInitPagelet	200	410426251	87156013	235698871	13	3927365	3
facebook.com	/	identity_switch.php	302	410426300	87156013	235698871	4	3531701	3
