cafemom.com	/	play.php	200	410401013	106339967	161476963	29	6478286	3
youtube.com	/	watch	200	410406389	106339967	161476963	25	3718815	3
cafemom.com	17/762519973159	/	200	410401012	106339967	161476963	1	4406993	3
youtube.com	/	watch	200	410408626	93989831	161596291	34	3718815	3
youtube.com	/	results	200	410408512	93989831	161596291	66	3718815	3
youtube.com	/	watch	200	410408660	93989831	161596291	118	3718815	3
twitter.com	/	/	200	410408168	93989831	161596291	103	4272659	5
twitter.com	/	/	200	410408002	93989831	161596291	46	4272659	3
youtube.com	/	/	200	410408321	93989831	161596291	54	6174440	3
youtube.com	/	/	200	410408605	93989831	161596291	21	6174440	3
youtube.com	/	/	200	410408578	93989831	161596291	27	6174440	3
facebook.com	/	/	302	410401104	117493949	162185323	5	6056310	3
facebook.com	/	/	200	410401109	117493949	162185323	22	6056310	5
facebook.com	/	/	200	410401131	117493949	162185323	120	6056310	5
amazon.com	gp/bit/apps/alexa/PING	ping?tagbase=bds-amzn&tbId=CWCKg1yVcr00oy&thirdpartyid=&plugin=amzng-2.2.2012.275	200	410474227	122278591	162394987	0	671065	3
amazon.com	gp/bit/toolbar	3.0	200	410474227	122278591	162394987	600	671065	3
youtube.com	/	results	200	410402637	122714044	162457075	6	3718815	3
youtube.com	/	watch	200	410421020	122714044	162457075	46	3718815	3
youtube.com	user	SuperRandomHorse	200	410402643	122714044	162457075	6	3718815	3
youtube.com	/	watch	200	410402649	122714044	162457075	12	3718815	3
youtube.com	/	/	200	410483313	122714044	162457075	4	6174440	3
youtube.com	/	/	200	410402607	122714044	162457075	8	6174440	3
youtube.com	/	watch	200	410483325	122714044	162457075	120	6928214	3
youtube.com	/	watch	200	410485930	126477902	162658747	43	3718815	3
youtube.com	user	dreammining	200	410486280	126477902	162658747	30	3718815	3
youtube.com	/	results	200	410485843	126477902	162658747	87	3718815	3
youtube.com	/	watch	200	410485997	126477902	162658747	58	3718815	3
youtube.com	/	watch	200	410486086	126477902	162658747	45	3718815	3
youtube.com	/	watch	200	410486188	126477902	162658747	54	3718815	3
youtube.com	/	watch	200	410486131	126477902	162658747	57	3718815	3
youtube.com	/	results	200	410486310	126477902	162658747	26	3718815	3
youtube.com	/	watch	200	410486242	126477902	162658747	24	3718815	3
youtube.com	/	watch	200	410485775	126477902	162658747	68	3718815	3
youtube.com	/	watch	200	410486055	126477902	162658747	31	3718815	3
youtube.com	/	results	200	410486266	126477902	162658747	14	3718815	3
youtube.com	/	watch	200	410485973	126477902	162658747	24	3718815	3
nike.com	us/en_us/lp	nikeplus-fuelband	200	410403153	128406509	162685147	2	690828	3
youtube.com	/	/	200	410457650	128697756	162688027	14	6174440	3
facebook.com	/	/	302	410459748	128697756	162688027	20	6056310	3
facebook.com	/	/	302	410457767	128697756	162688027	20	6056310	3
facebook.com	/	adabekee92	302	410459768	128697756	162688027	34	3531701	3
facebook.com	/	adabekee92	302	410457787	128697756	162688027	87	3531701	3
youtube.com	/	watch	200	410459818	128697756	162688027	20	3718815	3
bluefly.com	romeo-juliet-couture-black-lace-peter-pan-collar-sleeveless-blouse/PRODUCT_FEED/320686401	detail.fly	200	410482720	128733731	162688291	4	689527	3
bluefly.com	answers/9039/product/320686401	questionshome.htm	200	410482732	128733731	162688291	23	689527	3
bluefly.com	romeo-juliet-couture-black-lace-peter-pan-collar-sleeveless-blouse/PRODUCT_FEED/320686401	detail.fly	200	410482710	128733731	162688291	10	689527	3
youtube.com	/	results	200	410403411	131382589	162803611	7	3718815	3
youtube.com	/	results	200	410403418	131382589	162803611	9	3718815	3
youtube.com	/	watch	200	410403728	131382589	162803611	120	6928214	3
youtube.com	/	watch	200	410403427	131382589	162803611	36	3718815	3
twitter.com	trvviz/status	286250393288179712	200	410484093	69821477	208349083	7	4272659	5
twitter.com	/	/	200	410482976	69821477	208349083	19	4272659	5
twitter.com	/	/	200	410418732	69821477	208349083	564	4272659	5
twitter.com	/	/	200	410419296	69821477	208349083	8	4272659	3
twitter.com	/	/	200	410401411	69821477	208349083	28	4272659	3
twitter.com	/	/	200	410418236	69821477	208349083	9	4272659	5
twitter.com	ziamkisses/status/285894456941629440/photo	1	200	410405346	69821477	208349083	9	4272659	5
twitter.com	/	THUUUG_LIFE	200	410400435	69821477	208349083	87	4272659	5
twitter.com	/	THUUUG_LIFE	200	410470977	69821477	208349083	78	4272659	5
twitter.com	/	DOPE_Vans	200	410478166	69821477	208349083	36	4272659	5
twitter.com	/	/	200	410401679	69821477	208349083	47	4272659	5
twitter.com	/	/	200	410471055	69821477	208349083	18	4272659	5
twitter.com	/	/	299	410478014	69821477	208349083	2	4272659	3
twitter.com	/	/	200	410470455	69821477	208349083	62	4272659	5
twitter.com	/	High_OnSummer	200	410483171	69821477	208349083	120	4272659	5
twitter.com	/	THUUUG_LIFE	200	410471073	69821477	208349083	32	4272659	5
twitter.com	/	/	200	410470764	69821477	208349083	45	4272659	5
twitter.com	/	/	200	410483051	69821477	208349083	57	4272659	5
twitter.com	/	/	200	410414541	69821477	208349083	120	4272659	5
twitter.com	/	favorites	200	410418540	69821477	208349083	12	4272659	5
twitter.com	/	DOPE_Vans	200	410418552	69821477	208349083	46	4272659	5
twitter.com	/	/	200	410484271	69821477	208349083	31	4272659	5
twitter.com	i	/	200	410483771	69821477	208349083	50	4272659	5
twitter.com	/	/	200	410469959	69821477	208349083	10	4272659	5
twitter.com	i	/	200	410470220	69821477	208349083	31	4272659	5
twitter.com	/	favorites	200	410478148	69821477	208349083	18	4272659	5
twitter.com	/	following	200	410404717	69821477	208349083	36	4272659	5
twitter.com	/	/	200	410405171	69821477	208349083	2	4272659	5
twitter.com	/	/	200	410405274	69821477	208349083	1	4272659	3
twitter.com	/	/	200	410405275	69821477	208349083	71	4272659	5
twitter.com	/	THUUUG_LIFE	200	410470265	69821477	208349083	111	4272659	5
twitter.com	/	_Gankstalicious	200	410483751	69821477	208349083	19	4272659	5
twitter.com	/	/	200	410470855	69821477	208349083	122	4272659	5
twitter.com	/	/	200	410471168	69821477	208349083	26	4272659	5
twitter.com	/	_XoXoVonnie	200	410483108	69821477	208349083	63	4272659	5
twitter.com	/	/	200	410471477	69821477	208349083	58	4272659	5
twitter.com	/	/	200	410484100	69821477	208349083	53	4272659	5
twitter.com	/	/	299	410482974	69821477	208349083	2	4272659	3
twitter.com	/	_Gankstalicious	200	410470251	69821477	208349083	5	4272659	5
twitter.com	/	THUUUG_LIFE	200	410418530	69821477	208349083	10	4272659	5
twitter.com	i	/	200	410405173	69821477	208349083	101	4272659	5
facebook.com	/	/	200	410404784	69821477	208349083	18	6056310	5
facebook.com	/	/	200	410404802	69821477	208349083	88	6056310	5
facebook.com	/	/	200	410400296	69821477	208349083	6	6056310	5
facebook.com	/	/	200	410400083	69821477	208349083	80	6056310	5
facebook.com	/	/	200	410400049	69821477	208349083	34	6056310	5
facebook.com	/	home.php	200	410483377	69821477	208349083	120	8045108	5
facebook.com	messages	100001889660002	200	410400163	69821477	208349083	27	11157922	5
facebook.com	ajax/pagelet/generic.php	ProfileTimelineSectionPagelet	200	410400353	69821477	208349083	5	13704975	5
facebook.com	ajax/pagelet/generic.php	ProfileTimelineSectionPagelet	200	410400213	69821477	208349083	36	13704975	5
twitter.com	/	/	200	410400559	69821477	208349083	120	4272659	5
twitter.com	/	/	200	410401523	69821477	208349083	16	4272659	3
twitter.com	i	/	200	410470061	69821477	208349083	23	4272659	5
twitter.com	/	/	200	410404753	69821477	208349083	18	4272659	5
twitter.com	/	sessions	302	410401439	69821477	208349083	25	4272659	5
twitter.com	/	THUUUG_LIFE	200	410470385	69821477	208349083	70	4272659	5
twitter.com	/	/	200	410414517	69821477	208349083	24	4272659	3
twitter.com	/	/	299	410469969	69821477	208349083	2	4272659	3
twitter.com	/	/	200	410419304	69821477	208349083	120	4272659	5
twitter.com	/	/	200	410400039	69821477	208349083	1	4272659	3
twitter.com	/	THUUUG_LIFE	200	410470517	69821477	208349083	97	4272659	5
twitter.com	login	captcha	200	410401464	69821477	208349083	39	4272659	5
twitter.com	/	THUUUG_LIFE	200	410405355	69821477	208349083	8	4272659	5
twitter.com	/	/	200	410470256	69821477	208349083	9	4272659	5
twitter.com	/	THUUUG_LIFE	200	410483853	69821477	208349083	166	4272659	5
twitter.com	/	/	200	410483770	69821477	208349083	1	4272659	5
twitter.com	/	THUUUG_LIFE	200	410484302	69821477	208349083	60	4272659	5
twitter.com	/	/	200	410471343	69821477	208349083	41	4272659	5
twitter.com	/	THUUUG_LIFE	200	410483545	69821477	208349083	50	4272659	5
twitter.com	/	/	200	410471105	69821477	208349083	63	4272659	5
twitter.com	/	THUUUG_LIFE	200	410470809	69821477	208349083	46	4272659	5
twitter.com	/	/	200	410483595	69821477	208349083	85	4272659	5
twitter.com	/	/	200	410469971	69821477	208349083	16	4272659	5
twitter.com	/	THUUUG_LIFE	200	410418598	69821477	208349083	134	4272659	5
twitter.com	IamChinyere/status/286195847098671105/photo	1	200	410471384	69821477	208349083	7	4272659	5
twitter.com	/	Kate_COCAINE	200	410404890	69821477	208349083	5	4272659	5
twitter.com	/	/	200	410471594	69821477	208349083	95	4272659	5
twitter.com	/	/	200	410470219	69821477	208349083	1	4272659	5
twitter.com	/	/	200	410483680	69821477	208349083	71	4272659	5
twitter.com	/	THUUUG_LIFE	200	410471535	69821477	208349083	59	4272659	5
twitter.com	/	THUUUG_LIFE	200	410471689	69821477	208349083	7	4272659	5
twitter.com	/	THUUUG_LIFE	200	410418245	69821477	208349083	206	4272659	5
facebook.com	/	/	200	410400378	69821477	208349083	57	3531701	5
facebook.com	friends/requests	/	200	410400302	69821477	208349083	11	3531701	5
facebook.com	/	yung.bluezz	200	410400190	69821477	208349083	2	3531701	5
facebook.com	/	/	302	410483369	69821477	208349083	8	3531701	3
facebook.com	/	profile.php	200	410400313	69821477	208349083	4	3531701	5
facebook.com	friends/requests	/	200	410400366	69821477	208349083	6	3531701	5
facebook.com	/	/	302	410404783	69821477	208349083	1	3531701	3
facebook.com	/	profile.php	200	410400317	69821477	208349083	6	3531701	5
facebook.com	/	/	200	410400372	69821477	208349083	6	3531701	5
facebook.com	/	yung.bluezz	200	410400205	69821477	208349083	8	3531701	5
facebook.com	/	profile.php	200	410400348	69821477	208349083	5	3531701	5
facebook.com	/	profile.php	200	410400358	69821477	208349083	8	3531701	5
facebook.com	/	/	200	410400249	69821477	208349083	47	3531701	5
facebook.com	dialog	permissions.request	200	410414863	69821477	208349083	28	3531701	5
facebook.com	dialog	permissions.request	302	410414891	69821477	208349083	60	3531701	5
facebook.com	ajax/pagelet/generic.php	PhotoViewerInitPagelet	200	410400192	69821477	208349083	13	3927365	5
facebook.com	ajax/pagelet/generic.php	PhotoViewerInitPagelet	200	410400323	69821477	208349083	25	3927365	5
twitter.com	login	captcha	200	410401503	69821477	208349083	20	4272659	5
twitter.com	/	/	299	410469958	69821477	208349083	1	4272659	3
twitter.com	/	/	200	410470060	69821477	208349083	1	4272659	5
twitter.com	/	/	200	410469883	69821477	208349083	75	4272659	5
twitter.com	/	THUUUG_LIFE	200	410469987	69821477	208349083	73	4272659	5
twitter.com	/	/	200	410470376	69821477	208349083	9	4272659	5
twitter.com	/	/	200	410404895	69821477	208349083	2	4272659	5
twitter.com	/	THUUUG_LIFE	200	410419641	69821477	208349083	600	4272659	5
twitter.com	/	/	200	410418190	69821477	208349083	46	4272659	5
twitter.com	/	THUUUG_LIFE	200	410471338	69821477	208349083	5	4272659	5
twitter.com	/	_Gankstalicious	200	410483821	69821477	208349083	32	4272659	5
twitter.com	/	sessions	302	410401539	69821477	208349083	46	4272659	5
twitter.com	/	THUUUG_LIFE	200	410470738	69821477	208349083	26	4272659	5
twitter.com	/	/	200	410471309	69821477	208349083	21	4272659	5
twitter.com	/	THUUUG_LIFE	200	410471194	69821477	208349083	115	4272659	5
twitter.com	deseh0eztrippy/status/286197145877479424/photo	1	200	410471330	69821477	208349083	8	4272659	5
twitter.com	/	/	200	410401948	69821477	208349083	39	4272659	5
twitter.com	/	THUUUG_LIFE	200	410405363	69821477	208349083	600	4272659	5
twitter.com	/	_Gankstalicious	200	410470084	69821477	208349083	10	4272659	5
twitter.com	/	/	200	410470094	69821477	208349083	1	4272659	5
twitter.com	/	/	200	410478016	69821477	208349083	132	4272659	5
twitter.com	/	/	200	410484153	69821477	208349083	108	4272659	5
twitter.com	/	THUUUG_LIFE	200	410482995	69821477	208349083	56	4272659	5
twitter.com	/	THUUUG_LIFE	200	410471413	69821477	208349083	64	4272659	5
twitter.com	/	THUUUG_LIFE	200	410471391	69821477	208349083	6	4272659	5
twitter.com	taniaisabel__/status/286251436868775936/photo	1	200	410484261	69821477	208349083	10	4272659	5
twitter.com	i	/	200	410404897	69821477	208349083	274	4272659	5
twitter.com	/	BoweneRJ300	200	410418451	69821477	208349083	24	4272659	5
twitter.com	/	/	200	410469832	69821477	208349083	3	4272659	3
twitter.com	/	/	200	410470614	69821477	208349083	81	4272659	5
twitter.com	champagnepapi_/status/285819665043824641/photo	1	200	410404709	69821477	208349083	8	4272659	5
twitter.com	/	/	200	410478202	69821477	208349083	600	4272659	5
twitter.com	/	/	200	410418475	69821477	208349083	55	4272659	5
twitter.com	/	/	200	410400040	69821477	208349083	9	4272659	5
twitter.com	/	/	200	410484019	69821477	208349083	74	4272659	5
twitter.com	/	/	200	410401585	69821477	208349083	34	4272659	5
twitter.com	i	/	200	410470095	69821477	208349083	124	4272659	5
twitter.com	/	/	200	410469835	69821477	208349083	48	4272659	5
twitter.com	/	/	200	410471397	69821477	208349083	16	4272659	5
twitter.com	/	/	200	410418178	69821477	208349083	12	4272659	3
twitter.com	/	/	200	410471696	69821477	208349083	600	4272659	5
facebook.com	playslingo/	index.php	200	410465192	81466247	223109011	1	15868830	5
facebook.com	playslingo	/	200	410462577	81466247	223109011	600	15868830	5
facebook.com	ajax/pagelet/generic.php	MoreStoriesPagelet	200	410466568	81466247	223109011	95	14932183	5
facebook.com	ajax/pagelet/generic.php	MoreStoriesPagelet	200	410471488	81466247	223109011	60	14932183	5
facebook.com	ajax/pagelet/generic.php	MoreStoriesPagelet	200	410466829	81466247	223109011	22	14932183	5
facebook.com	ajax/pagelet/generic.php	MoreStoriesPagelet	200	410466663	81466247	223109011	78	14932183	5
facebook.com	slotomania	/	200	410462395	81466247	223109011	41	4761456	5
facebook.com	playtpirslots	/	200	410450492	81466247	223109011	10	4761456	5
facebook.com	ajax/pagelet/generic.php	PhotoViewerInitPagelet	200	410417021	81466247	223109011	55	3927365	5
facebook.com	/	index.php	200	410416915	81466247	223109011	40	3531701	5
facebook.com	/	index.php	200	410467985	81466247	223109011	60	3531701	5
facebook.com	dialog	apprequests	200	410465543	81466247	223109011	120	3531701	5
facebook.com	dialog	apprequests	200	410465530	81466247	223109011	7	3531701	5
facebook.com	dialog	apprequests	200	410465537	81466247	223109011	6	3531701	5
facebook.com	/	index.php	302	410416908	81466247	223109011	7	3531701	3
facebook.com	slotomania	/	200	410460970	81466247	223109011	16	4761456	5
facebook.com	playtpirslots	/	200	410417076	81466247	223109011	10	4761456	5
facebook.com	slotomania	/	200	410466741	81466247	223109011	11	4761456	5
facebook.com	/	dallas.bartkowski	200	410450380	81466247	223109011	71	8222324	5
facebook.com	/	login.php	302	410471267	81466247	223109011	3	8045418	3
facebook.com	/	login.php	200	410471270	81466247	223109011	120	8045418	5
facebook.com	/	/	200	410416955	81466247	223109011	66	6056310	5
facebook.com	/	/	200	410460949	81466247	223109011	21	5713857	5
facebook.com	/	/	200	410450451	81466247	223109011	41	5713857	5
facebook.com	/	logout.php	302	410467981	81466247	223109011	4	4934870	5
facebook.com	farmville-two	session.php	200	410482190	84609110	232109419	60	15868848	5
youtube.com	/	/	200	410438905	86301262	235731283	60	6174440	3
youtube.com	/	/	200	410450720	86301262	235731283	21	6174440	3
youtube.com	/	/	200	410422324	86301262	235731283	37	6174440	3
youtube.com	/	watch	200	410447904	86301262	235731283	600	3718815	3
youtube.com	/	results	200	410422361	86301262	235731283	4	3718815	3
youtube.com	/	watch	200	410447026	86301262	235731283	398	3718815	3
youtube.com	/	watch	200	410442506	86301262	235731283	600	3718815	3
youtube.com	user	setindia	200	410422365	86301262	235731283	10	3718815	3
youtube.com	/	watch	200	410422378	86301262	235731283	120	3718815	3
youtube.com	/	watch	200	410450751	86301262	235731283	29	3718815	3
youtube.com	/	watch	200	410447424	86301262	235731283	120	3718815	3
youtube.com	/	results	200	410450741	86301262	235731283	10	3718815	3
youtube.com	/	playlist	200	410423507	86301262	235731283	26	3718815	3
youtube.com	/	results	200	410442496	86301262	235731283	10	3718815	3
youtube.com	/	results	200	410447887	86301262	235731283	17	3718815	3
youtube.com	/	playlist	200	410422375	86301262	235731283	3	3718815	3
youtube.com	user	omshantistudio	200	410448881	86301262	235731283	63	3718815	3
youtube.com	user/omshantistudio	videos	200	410448944	86301262	235731283	76	3718815	3
youtube.com	/	watch	200	410444441	86301262	235731283	60	3718815	3
barnesandnoble.com	w/hawkman-volume-3-geoff-johns	1112242675	200	410467888	88911035	239183611	67	670981	3
barnesandnoble.com	help	help_cds2.asp	200	410478453	88911035	239183611	87	670981	3
barnesandnoble.com	op	request.aspx	200	410468048	88911035	239183611	5	670981	3
barnesandnoble.com	s	/	200	410456836	88911035	239183611	15	670981	3
barnesandnoble.com	s	/	200	410457010	88911035	239183611	15	670981	3
barnesandnoble.com	op	request.aspx	200	410479129	88911035	239183611	4	670981	3
barnesandnoble.com	s	/	200	410457060	88911035	239183611	16	670981	3
barnesandnoble.com	s/batman-earth-one	batman-earth-one	200	410423132	88911035	239183611	21	670981	3
barnesandnoble.com	op	request.aspx	200	410478755	88911035	239183611	6	670981	3
barnesandnoble.com	op	service.aspx	200	410479133	88911035	239183611	20	670981	3
barnesandnoble.com	op	service.aspx	200	410479292	88911035	239183611	60	670981	3
barnesandnoble.com	w/batman-geoff-johns	1111337767	200	410423153	88911035	239183611	23	670981	3
barnesandnoble.com	s	/	200	410457044	88911035	239183611	15	670981	3
barnesandnoble.com	s	fulton-sheen	200	410478812	88911035	239183611	15	670981	3
barnesandnoble.com	w/hawkman-geoff-johns	1112242670	200	410422651	88911035	239183611	97	670981	3
barnesandnoble.com	w/marvels-kurt-busiek	1102562327	200	410478589	88911035	239183611	18	670981	3
barnesandnoble.com	/	noresults	200	410422635	88911035	239183611	7	670981	3
barnesandnoble.com	op	service.aspx	200	410479153	88911035	239183611	82	670981	3
barnesandnoble.com	help	help_cds2.asp	200	410478774	88911035	239183611	38	670981	3
barnesandnoble.com	BookViewer	/	200	410457278	88911035	239183611	120	670981	3
barnesandnoble.com	s	/	200	410456710	88911035	239183611	1	670981	3
barnesandnoble.com	op	service.aspx	200	410478761	88911035	239183611	13	670981	3
barnesandnoble.com	sample/read	9780375714627	200	410457277	88911035	239183611	1	670981	3
barnesandnoble.com	op	service.aspx	200	410422754	88911035	239183611	12	670981	3
barnesandnoble.com	s	hawkman-wings-of-fury	200	410467871	88911035	239183611	17	670981	3
barnesandnoble.com	w/mythology-alex-ross	1111808729	200	410457256	88911035	239183611	14	670981	3
barnesandnoble.com	u/Manga-Books-Graphic-Novels	379003113	200	410422863	88911035	239183611	18	670981	3
barnesandnoble.com	s	mythology-the-dc-art-of-alex-ross	200	410457222	88911035	239183611	13	670981	3
barnesandnoble.com	w/hawkman-geoff-johns	1112246970	200	410400966	88911035	239183611	87	670981	3
barnesandnoble.com	op	service.aspx	200	410422606	88911035	239183611	24	670981	3
barnesandnoble.com	op	service.aspx	200	410422773	88911035	239183611	27	670981	3
barnesandnoble.com	w/victory-over-vice-fulton-j-sheen	1012378005	200	410478846	88911035	239183611	35	670981	3
barnesandnoble.com	s	/	200	410456924	88911035	239183611	15	670981	3
barnesandnoble.com	w/marvels-kurt-busiek	1102562327	200	410478709	88911035	239183611	14	670981	3
barnesandnoble.com	s	the-lost-continent	200	410422800	88911035	239183611	18	670981	3
barnesandnoble.com	s	marvel-marvels	200	410478540	88911035	239183611	18	670981	3
barnesandnoble.com	s	/	200	410456982	88911035	239183611	13	670981	3
barnesandnoble.com	/	s	200	410422642	88911035	239183611	9	670981	3
barnesandnoble.com	u/Manga-Books-Graphic-Novels	379003113	200	410422881	88911035	239183611	19	670981	3
barnesandnoble.com	w/hawkman-volume-3-geoff-johns	1112242675	200	410467955	88911035	239183611	93	670981	3
barnesandnoble.com	w/lost-continent-edgar-rice-burroughs	1100040342	200	410422936	88911035	239183611	29	670981	3
barnesandnoble.com	op	request.aspx	200	410422595	88911035	239183611	11	670981	3
barnesandnoble.com	op	service.aspx	200	410468053	88911035	239183611	18	670981	3
barnesandnoble.com	s	fulton-sheen	200	410478968	88911035	239183611	15	670981	3
barnesandnoble.com	w/life-is-worth-living-archbishop-fulton-j-sheen	1102287718	200	410478881	88911035	239183611	40	670981	3
barnesandnoble.com	s	fulton-sheen	200	410479093	88911035	239183611	13	670981	3
barnesandnoble.com	op	request.aspx	200	410479288	88911035	239183611	4	670981	3
barnesandnoble.com	s	marvels-alex-ross	200	410478562	88911035	239183611	14	670981	3
barnesandnoble.com	w/hawkman-geoff-johns	1112246970	200	410422550	88911035	239183611	31	670981	3
barnesandnoble.com	op	service.aspx	200	410422766	88911035	239183611	7	670981	3
barnesandnoble.com	w/lent-and-easter-wisdom-from-fulton-j-sheen-redemptorist-pastoral-publication	1111810078	200	410479235	88911035	239183611	19	670981	3
barnesandnoble.com	w/the-seven-last-words-fulton-j-sheen	1001370020	200	410479030	88911035	239183611	38	670981	3
barnesandnoble.com	s	hawkman	200	410400826	88911035	239183611	50	670981	3
barnesandnoble.com	s	fulton-sheen	200	410479068	88911035	239183611	14	670981	3
barnesandnoble.com	op	request.aspx	200	410422748	88911035	239183611	6	670981	3
barnesandnoble.com	help	help_cds2.asp	200	410468114	88911035	239183611	60	670981	3
facebook.com	ajax/pagelet/generic.php	MoreStoriesPagelet	200	410402742	88911035	239183611	38	14932183	3
facebook.com	ajax/pagelet/generic.php	MoreStoriesPagelet	200	410415754	88911035	239183611	41	14932183	3
facebook.com	ajax/pagelet/generic.php	MoreStoriesPagelet	200	410415989	88911035	239183611	57	14932183	3
facebook.com	ajax/pagelet/generic.php	MoreStoriesPagelet	200	410416046	88911035	239183611	47	14932183	3
facebook.com	ajax/pagelet/generic.php	ProfileTimelineSectionPagelet	200	410463678	88911035	239183611	89	13704975	3
facebook.com	ajax/pagelet/generic.php	ProfileTimelineSectionPagelet	200	410463634	88911035	239183611	44	13704975	3
facebook.com	ajax/pagelet/generic.php	ProfileTimelineSectionPagelet	200	410415800	88911035	239183611	91	13704975	3
facebook.com	ajax/pagelet/generic.php	MoreStoriesPagelet	200	410416150	88911035	239183611	120	14932183	3
facebook.com	ajax/pagelet/generic.php	PhotoViewerInitPagelet	200	410415923	88911035	239183611	14	3927365	3
facebook.com	ajax/pagelet/generic.php	PhotoViewerInitPagelet	200	410402780	88911035	239183611	60	3927365	3
facebook.com	/	kayla.j.nickerson	200	410415891	88911035	239183611	19	3927365	3
facebook.com	ajax/pagelet/generic.php	PhotoViewerInitPagelet	200	410416093	88911035	239183611	57	3927365	3
facebook.com	ajax/pagelet/generic.php	TimelinePhotosPagelet	200	410415910	88911035	239183611	8	3927365	3
facebook.com	ajax/pagelet/generic.php	PhotoViewerInitPagelet	200	410418688	88911035	239183611	120	3927365	3
facebook.com	ajax/pagelet/generic.php	PhotoViewerInitPagelet	200	410400531	88911035	239183611	120	3927365	3
facebook.com	media/set	/	200	410415918	88911035	239183611	5	5713857	3
facebook.com	/	quincy.ellis.14	200	410463585	88911035	239183611	49	5713857	3
facebook.com	quincy.ellis.14	info	200	410463987	88911035	239183611	69	5713857	3
facebook.com	/	/	200	410415937	88911035	239183611	52	5713857	3
facebook.com	/	kayla.j.nickerson	200	410415795	88911035	239183611	5	5713857	3
facebook.com	messages	5806566	200	410407249	88911035	239183611	60	5713857	3
facebook.com	/	/	200	410415731	88911035	239183611	23	5713857	3
facebook.com	/	/	200	410464056	88911035	239183611	120	5713857	3
barnesandnoble.com	op	service.aspx	200	410468082	88911035	239183611	32	670981	3
