shopathome.com	discounts_and_coupons	default-brand.aspx	200	410480684	109438483	161522985	120	690542	3
youtube.com	/	watch	200	410429893	113873213	162031185	120	3718815	3
amazon.com	gp/nemo/raw/handlers	raw.html	200	410457321	113879256	162037785	24	671065	3
amazon.com	Clothes-Locker-American-Rooms-Furniture/dp	B008VDLNYA	200	410457313	113879256	162037785	8	671065	3
toysrus.com	family	index.jsp	200	410402776	116704687	162260025	120	678705	3
youtube.com	/	watch	200	410469679	123186513	162438585	39	3718815	3
youtube.com	/	watch	200	410431748	127434445	162619905	32	3718815	3
youtube.com	/	results	200	410431317	127434445	162619905	18	3718815	3
youtube.com	user	KmartFashion	200	410431299	127434445	162619905	18	3718815	3
youtube.com	/	watch	200	410435301	127434445	162619905	117	3718815	3
youtube.com	/	results	200	410431335	127434445	162619905	12	3718815	3
youtube.com	/	watch	200	410431284	127434445	162619905	15	3718815	3
youtube.com	user	insidersnetwork	200	410431691	127434445	162619905	42	3718815	3
youtube.com	channel	UChd1FPXykD4pust3ljzq6hQ	200	410431654	127434445	162619905	37	3718815	3
youtube.com	/	watch	200	410431622	127434445	162619905	32	3718815	3
youtube.com	/	watch	200	410431611	127434445	162619905	11	3718815	3
youtube.com	user	insidersnetwork	200	410431733	127434445	162619905	15	3718815	3
youtube.com	/	results	200	410431605	127434445	162619905	6	3718815	3
youtube.com	/	results	200	410431278	127434445	162619905	6	3718815	3
youtube.com	/	watch	200	410435219	127434445	162619905	82	3718815	3
youtube.com	/	results	200	410431502	127434445	162619905	16	3718815	3
youtube.com	/	watch	200	410434247	127434445	162619905	120	3718815	3
youtube.com	/	watch	200	410431347	127434445	162619905	65	7549991	3
youtube.com	/	/	200	410431173	127434445	162619905	34	6174440	3
youtube.com	user	clubpenguinnews08	200	410431412	127434445	162619905	54	12895330	3
youtube.com	/	results	200	410418417	127961177	162653337	14	3718815	3
youtube.com	/	results	200	410418103	127961177	162653337	103	3718815	3
youtube.com	/	results	200	410417934	127961177	162653337	6	3718815	3
youtube.com	/	results	200	410417895	127961177	162653337	39	3718815	3
youtube.com	/	watch	200	410418301	127961177	162653337	107	3718815	3
youtube.com	/	results	200	410417940	127961177	162653337	115	3718815	3
youtube.com	/	results	200	410418228	127961177	162653337	4	3718815	3
zazzle.com	/	herotopia	200	410417812	127961177	162653337	48	3320034	3
youtube.com	/	results	200	410418055	127961177	162653337	48	3718815	3
youtube.com	/	results	200	410418408	127961177	162653337	9	3718815	3
youtube.com	/	results	200	410418206	127961177	162653337	12	3718815	3
youtube.com	/	watch	200	410418431	127961177	162653337	60	3718815	3
youtube.com	/	results	200	410418218	127961177	162653337	10	3718815	3
youtube.com	/	watch	200	410418232	127961177	162653337	69	3718815	3
facebook.com	/	karla.mcgibney	200	410409717	128140021	162657417	9	5713857	5
facebook.com	ajax/pagelet/generic.php	TimelinePhotosPagelet	200	410409828	128140021	162657417	12	5713857	5
facebook.com	ajax/pagelet/generic.php	TimelinePhotosStreamPagelet	200	410409874	128140021	162657417	22	5713857	5
facebook.com	sarah.d.bates	photos	200	410409801	128140021	162657417	15	5713857	5
facebook.com	/	/	200	410409726	128140021	162657417	19	5713857	5
facebook.com	dragoncity	/	200	410410229	128140021	162657417	2	4761456	5
facebook.com	happy-hospital	/	200	410410062	128140021	162657417	120	4761456	5
facebook.com	ajax/pagelet/generic.php	PhotoViewerInitPagelet	200	410409580	128140021	162657417	22	3927365	5
facebook.com	ajax/pagelet/generic.php	PhotoViewerInitPagelet	200	410409776	128140021	162657417	15	3927365	5
facebook.com	ajax/pagelet/generic.php	PhotoViewerInitPagelet	200	410409852	128140021	162657417	22	3927365	5
youtube.com	/	watch	200	410450212	128140021	162657417	9	3718815	3
youtube.com	/	watch	200	410449777	128140021	162657417	435	3718815	3
youtube.com	/	watch	200	410449748	128140021	162657417	29	3718815	3
facebook.com	/	index.php	200	410409928	128140021	162657417	51	3531701	5
facebook.com	welcomeback/requests	/	200	410409979	128140021	162657417	13	3531701	5
facebook.com	sarah.d.bates	photos_stream	200	410409840	128140021	162657417	12	5713857	5
facebook.com	/	/	200	410409992	128140021	162657417	70	5713857	5
facebook.com	sabrina.l.webb/posts	10151335476434131	200	410409908	128140021	162657417	20	5713857	5
facebook.com	ajax/pagelet/generic.php	MoreStoriesPagelet	200	410409745	128140021	162657417	31	14932183	5
facebook.com	ajax/pagelet/generic.php	ProfileTimelineSectionPagelet	200	410409640	128140021	162657417	5	13704975	5
facebook.com	ajax/pagelet/generic.php	ProfileTimelineSectionPagelet	200	410409645	128140021	162657417	72	13704975	5
facebook.com	ajax/pagelet/generic.php	ProfileTimelineSectionPagelet	200	410409616	128140021	162657417	24	13704975	5
facebook.com	ajax/pagelet/generic.php	ProfileTimelineSectionPagelet	200	410409602	128140021	162657417	14	13704975	5
facebook.com	/	sarah.d.bates	200	410409791	128140021	162657417	10	5713857	5
facebook.com	ajax/pagelet/generic.php	TimelinePhotosStreamPagelet	200	410409896	128140021	162657417	12	5713857	5
facebook.com	ajax/pagelet/generic.php	TimelinePhotosPagelet	200	410409816	128140021	162657417	12	5713857	5
facebook.com	dialog	permissions.request	302	410410223	128140021	162657417	4	3531701	5
amazon.com	gp/bit/toolbar	3.0	200	410478386	126814977	162670041	0	671065	3
facebook.com	/	/	302	410478383	126814977	162670041	0	6056310	3
amazon.com	gp/bit/apps/alexa/PING/ping?tagbase=bds-amzn&tbId=e	fkg1blHz00w1&thirdpartyid=&plugin=amzng-2.2.2012.275	200	410477832	126814977	162670041	1	671065	3
amazon.com	gp/bit/toolbar	3.0	200	410482262	126814977	162670041	0	671065	3
amazon.com	gp/bit/toolbar	3.0	200	410476733	126814977	162670041	0	671065	3
amazon.com	gp/bit/apps/alexa/PING/ping?tagbase=bds-amzn&tbId=e	fkg1blHz00w1&thirdpartyid=&plugin=amzng-2.2.2012.275	200	410478386	126814977	162670041	5	671065	3
amazon.com	gp/bit/apps/alexa/PING/ping?tagbase=bds-amzn&tbId=e	fkg1blHz00w1&thirdpartyid=&plugin=amzng-2.2.2012.275	200	410482262	126814977	162670041	120	671065	3
amazon.com	gp/bit/toolbar	3.0	200	410477833	126814977	162670041	19	671065	3
amazon.com	gp/bit/apps/alexa/PING/ping?tagbase=bds-amzn&tbId=e	fkg1blHz00w1&thirdpartyid=&plugin=amzng-2.2.2012.275	200	410476733	126814977	162670041	1	671065	3
facebook.com	/	/	200	410478391	126814977	162670041	38	6056310	5
facebook.com	/	/	200	410478383	126814977	162670041	3	6056310	5
youtube.com	/	results	200	410451422	128549842	162672129	28	3718815	3
youtube.com	/	watch	200	410453929	128549842	162672129	49	3718815	3
youtube.com	user	InsidersNetwork	200	410453764	128549842	162672129	99	3718815	3
youtube.com	/	results	200	410453925	128549842	162672129	4	3718815	3
youtube.com	/	watch	200	410408573	128549842	162672129	120	3718815	3
youtube.com	/	results	200	410453895	128549842	162672129	30	3718815	3
youtube.com	/	results	200	410453863	128549842	162672129	32	3718815	3
youtube.com	/	results	200	410408556	128549842	162672129	17	3718815	3
youtube.com	/	watch	200	410451466	128549842	162672129	120	3718815	3
youtube.com	/	watch	200	410453750	128549842	162672129	14	3718815	3
youtube.com	/	results	200	410451450	128549842	162672129	16	3718815	3
youtube.com	/	/	200	410451391	128549842	162672129	31	6174440	3
facebook.com	/	/	302	410480494	128795033	162697473	5	6056310	3
facebook.com	/	/	200	410480499	128795033	162697473	8	6056310	5
youtube.com	/	/	200	410412656	128795033	162697473	25	6174440	3
facebook.com	/	/	200	410404205	131578318	162816345	120	6056310	5
facebook.com	/	/	302	410404203	131578318	162816345	2	3531701	3
amazon.com	/	s	200	410404060	131578318	162816345	8	671065	3
amazon.com	/	s	200	410404068	131578318	162816345	120	671065	3
amazon.com	/	/	200	410404051	131578318	162816345	9	671065	3
facebook.com	dragoncity	/	200	410402485	132224067	162833841	3	4761456	3
facebook.com	TheUltimateGameCard	app_301022983343378	302	410477132	125996293	162843993	18	3531701	3
youtube.com	/	watch	200	410414443	130827999	162861537	62	3718815	3
youtube.com	/	watch	200	410477472	129916122	162862953	18	3718815	3
amazon.com	/	b?ie=UTF8&node=2408026011	200	410458015	120746762	162863217	67	671065	3
facebook.com	/	/	200	410413909	113295887	162863673	20	6056310	5
facebook.com	/	/	302	410413908	113295887	162863673	1	6056310	3
facebook.com	/	/	302	410476645	106822703	162864057	120	6056310	3
facebook.com	/	photo.php	200	410475376	106822703	162864057	14	3927365	3
facebook.com	happy-pets	/	200	410408962	121414157	162865185	2	10163369	3
facebook.com	ajax/pagelet/generic.php	MoreStoriesPagelet	200	410426802	78516055	218555697	120	14932183	5
facebook.com	ajax/pagelet/generic.php	MoreStoriesPagelet	200	410463881	78516055	218555697	20	14932183	5
facebook.com	ajax/pagelet/generic.php	MoreStoriesPagelet	200	410408060	78516055	218555697	120	14932183	5
facebook.com	ajax/pagelet/generic.php	MoreStoriesPagelet	200	410478645	78516055	218555697	88	14932183	5
facebook.com	ajax/pagelet/generic.php	MoreStoriesPagelet	200	410474791	78516055	218555697	4	14932183	5
facebook.com	ajax/pagelet/generic.php	MoreStoriesPagelet	200	410426613	78516055	218555697	189	14932183	5
facebook.com	ajax/pagelet/generic.php	MoreStoriesPagelet	200	410484983	78516055	218555697	120	14932183	5
facebook.com	ajax/pagelet/generic.php	MoreStoriesPagelet	200	410427293	78516055	218555697	18	14932183	5
facebook.com	ajax/pagelet/generic.php	MoreStoriesPagelet	200	410474745	78516055	218555697	46	14932183	5
facebook.com	ajax/pagelet/generic.php	MoreStoriesPagelet	200	410474945	78516055	218555697	71	14932183	5
facebook.com	ajax/pagelet/generic.php	MoreStoriesPagelet	200	410427311	78516055	218555697	68	14932183	5
facebook.com	ajax/pagelet/generic.php	MoreStoriesPagelet	200	410427379	78516055	218555697	28	14932183	5
facebook.com	groups/235836933121574/doc/488584224513509	/	200	410467448	78516055	218555697	60	14394903	5
facebook.com	groups/235836933121574/doc/488031171235481	/	200	410486364	78516055	218555697	60	14394903	5
facebook.com	ajax/pagelet/generic.php	GroupFeedPagelet	200	410408410	78516055	218555697	101	14394902	5
facebook.com	ajax/pagelet/generic.php	ProfileTimelineSectionPagelet	200	410471020	78516055	218555697	4	13704975	5
facebook.com	ajax/pagelet/generic.php	ProfileTimelineSectionPagelet	200	410472669	78516055	218555697	24	13704975	5
facebook.com	ajax/pagelet/generic.php	ProfileTimelineSectionPagelet	200	410470700	78516055	218555697	16	13704975	3
facebook.com	ajax/pagelet/generic.php	ProfileTimelineSectionPagelet	200	410466614	78516055	218555697	502	13704975	5
facebook.com	ajax/pagelet/generic.php	ProfileTimelineSectionPagelet	200	410471024	78516055	218555697	27	13704975	5
facebook.com	ajax/pagelet/generic.php	ProfileTimelineSectionPagelet	200	410473177	78516055	218555697	25	13704975	5
facebook.com	ajax/pagelet/generic.php	ProfileTimelineSectionPagelet	200	410471561	78516055	218555697	55	13704975	5
facebook.com	ajax/pagelet/generic.php	ProfileTimelineSectionPagelet	200	410463905	78516055	218555697	18	13704975	5
facebook.com	ajax/pagelet/generic.php	ProfileTimelineSectionPagelet	200	410471634	78516055	218555697	15	13704975	5
facebook.com	ajax/pagelet/generic.php	ProfileTimelineSectionPagelet	200	410426977	78516055	218555697	180	13704975	5
facebook.com	ajax/pagelet/generic.php	ProfileTimelineSectionPagelet	200	410466179	78516055	218555697	289	13704975	5
facebook.com	ajax/pagelet/generic.php	ProfileTimelineSectionPagelet	200	410472833	78516055	218555697	99	13704975	5
facebook.com	ajax/pagelet/generic.php	ProfileTimelineSectionPagelet	200	410427229	78516055	218555697	64	13704975	5
facebook.com	ajax/pagelet/generic.php	ProfileTimelineSectionPagelet	200	410471158	78516055	218555697	31	13704975	5
facebook.com	ajax/pagelet/generic.php	ProfileTimelineSectionPagelet	200	410470580	78516055	218555697	6	13704975	5
facebook.com	ajax/pagelet/generic.php	ProfileTimelineSectionPagelet	200	410472414	78516055	218555697	10	13704975	5
facebook.com	ajax/pagelet/generic.php	ProfileTimelineSectionPagelet	200	410408538	78516055	218555697	19	13704975	5
facebook.com	ajax/pagelet/generic.php	ProfileTimelineSectionPagelet	200	410466006	78516055	218555697	70	13704975	5
facebook.com	ajax/pagelet/generic.php	ProfileTimelineSectionPagelet	200	410408597	78516055	218555697	60	13704975	5
facebook.com	ajax/pagelet/generic.php	ProfileTimelineSectionPagelet	200	410485201	78516055	218555697	5	13704975	5
facebook.com	ajax/pagelet/generic.php	ProfileTimelineSectionPagelet	200	410430140	78516055	218555697	5	13704975	5
facebook.com	ajax/pagelet/generic.php	ProfileTimelineSectionPagelet	200	410471489	78516055	218555697	32	13704975	5
facebook.com	ajax/pagelet/generic.php	ProfileTimelineSectionPagelet	200	410472637	78516055	218555697	11	13704975	5
facebook.com	ajax/pagelet/generic.php	ProfileTimelineSectionPagelet	200	410470716	78516055	218555697	4	13704975	3
facebook.com	ajax/pagelet/generic.php	ProfileTimelineSectionPagelet	200	410472826	78516055	218555697	7	13704975	5
facebook.com	ajax/pagelet/generic.php	ProfileTimelineSectionPagelet	200	410472662	78516055	218555697	7	13704975	5
facebook.com	ajax/pagelet/generic.php	ProfileTimelineSectionPagelet	200	410467116	78516055	218555697	120	13704975	5
facebook.com	ajax/pagelet/generic.php	ProfileTimelineSectionPagelet	200	410473202	78516055	218555697	10	13704975	5
facebook.com	ajax/pagelet/generic.php	ProfileTimelineSectionPagelet	200	410470592	78516055	218555697	16	13704975	5
facebook.com	ajax/pagelet/generic.php	ProfileTimelineSectionPagelet	200	410466076	78516055	218555697	103	13704975	5
facebook.com	ajax/pagelet/generic.php	ProfileTimelineSectionPagelet	200	410472648	78516055	218555697	14	13704975	5
facebook.com	ajax/pagelet/generic.php	ProfileTimelineSectionPagelet	200	410463923	78516055	218555697	40	13704975	5
facebook.com	ajax/pagelet/generic.php	ProfileTimelineSectionPagelet	200	410485206	78516055	218555697	34	13704975	5
facebook.com	ajax/pagelet/generic.php	ProfileTimelineSectionPagelet	200	410471110	78516055	218555697	37	13704975	5
facebook.com	ajax/pagelet/generic.php	ProfileTimelineSectionPagelet	200	410429925	78516055	218555697	4	13704975	5
facebook.com	ajax/pagelet/generic.php	ProfileTimelineSectionPagelet	200	410473019	78516055	218555697	120	13704975	5
facebook.com	ajax/pagelet/generic.php	ProfileTimelineSectionPagelet	200	410485240	78516055	218555697	59	13704975	5
facebook.com	ajax/pagelet/generic.php	ProfileTimelineSectionPagelet	200	410466468	78516055	218555697	146	13704975	5
facebook.com	ajax/pagelet/generic.php	ProfileTimelineSectionPagelet	200	410473661	78516055	218555697	2	13704975	5
facebook.com	ajax/home	generic.php	200	410471844	78516055	218555697	21	14394902	5
facebook.com	ajax/pagelet/generic.php	ProfileTimelineSectionPagelet	200	410429987	78516055	218555697	32	13704975	5
facebook.com	ajax/pagelet/generic.php	ProfileTimelineSectionPagelet	200	410472792	78516055	218555697	11	13704975	5
facebook.com	ajax/pagelet/generic.php	ProfileTimelineSectionPagelet	200	410427201	78516055	218555697	28	13704975	5
facebook.com	ajax/pagelet/generic.php	ProfileTimelineSectionPagelet	200	410472378	78516055	218555697	4	13704975	5
facebook.com	ajax/pagelet/generic.php	ProfileTimelineSectionPagelet	200	410472812	78516055	218555697	14	13704975	5
facebook.com	ajax/pagelet/generic.php	ProfileTimelineSectionPagelet	200	410486157	78516055	218555697	22	13704975	5
facebook.com	ajax/pagelet/generic.php	ProfileTimelineSectionPagelet	200	410470665	78516055	218555697	31	13704975	3
facebook.com	ajax/pagelet/generic.php	ProfileTimelineSectionPagelet	200	410429929	78516055	218555697	58	13704975	5
facebook.com	ajax/pagelet/generic.php	ProfileTimelineSectionPagelet	200	410430153	78516055	218555697	120	13704975	5
facebook.com	ajax/pagelet/generic.php	ProfileTimelineSectionPagelet	200	410470564	78516055	218555697	13	13704975	5
facebook.com	ajax/pagelet/generic.php	ProfileTimelineSectionPagelet	200	410427157	78516055	218555697	44	13704975	5
facebook.com	ajax/pagelet/generic.php	ProfileTimelineSectionPagelet	200	410471058	78516055	218555697	7	13704975	5
facebook.com	ajax/pagelet/generic.php	ProfileTimelineSectionPagelet	200	410470915	78516055	218555697	67	13704975	5
facebook.com	ajax/pagelet/generic.php	ProfileTimelineSectionPagelet	200	410473212	78516055	218555697	1	13704975	5
facebook.com	ajax/pagelet/generic.php	ProfileTimelineSectionPagelet	200	410470643	78516055	218555697	22	13704975	3
facebook.com	ajax/pagelet/generic.php	ProfileTimelineSectionPagelet	200	410430090	78516055	218555697	40	13704975	5
facebook.com	ajax/pagelet/generic.php	ProfileTimelineSectionPagelet	200	410427412	78516055	218555697	25	13704975	5
facebook.com	ajax/pagelet/generic.php	PhotoViewerPagelet	200	410430567	78516055	218555697	32	3927365	5
facebook.com	ajax/pagelet/generic.php	PhotoViewerInitPagelet	200	410470550	78516055	218555697	9	3927365	5
facebook.com	ajax/pagelet/generic.php	PhotoViewerInitPagelet	200	410474732	78516055	218555697	13	3927365	5
facebook.com	ajax/pagelet/generic.php	PhotoViewerPagelet	200	410430544	78516055	218555697	23	3927365	5
facebook.com	ajax/pagelet/generic.php	PhotoViewerInitPagelet	200	410430297	78516055	218555697	10	3927365	5
facebook.com	ajax/pagelet/generic.php	PhotoViewerInitPagelet	200	410471065	78516055	218555697	18	3927365	5
facebook.com	ajax/pagelet/generic.php	PhotoViewerPagelet	200	410430495	78516055	218555697	49	3927365	5
facebook.com	ajax/pagelet/generic.php	PhotoViewerPagelet	200	410430599	78516055	218555697	120	3927365	5
facebook.com	ajax/pagelet/generic.php	PhotoViewerInitPagelet	200	410470543	78516055	218555697	7	3927365	5
facebook.com	ajax/pagelet/generic.php	PhotoViewerInitPagelet	200	410471649	78516055	218555697	43	3927365	5
facebook.com	ajax/pagelet/generic.php	PhotoViewerInitPagelet	200	410473144	78516055	218555697	33	3927365	5
facebook.com	ajax/pagelet/generic.php	PhotoViewerPagelet	200	410430356	78516055	218555697	139	3927365	5
facebook.com	ajax/pagelet/generic.php	PhotoViewerPagelet	200	410430307	78516055	218555697	49	3927365	5
facebook.com	ajax/pagelet/generic.php	PhotoViewerInitPagelet	200	410471692	78516055	218555697	44	3927365	5
facebook.com	/	stasiabones	200	410471521	78516055	218555697	7	3531701	5
facebook.com	/	jasmina.gusalic.7	200	410472636	78516055	218555697	1	3531701	5
facebook.com	/	KIDDGRADYKIDD	200	410471454	78516055	218555697	35	3531701	5
facebook.com	/	/	200	410470634	78516055	218555697	7	3531701	3
facebook.com	/	alyssa.boo.12	200	410472742	78516055	218555697	21	3531701	5
facebook.com	/	index.php	200	410474865	78516055	218555697	18	3531701	5
facebook.com	/	hector.reza.50	200	410472997	78516055	218555697	9	3531701	5
youtube.com	/	watch	200	410402338	78516055	218555697	60	3718815	3
youtube.com	/	watch	200	410467416	78516055	218555697	20	3718815	3
youtube.com	/	results	200	410467409	78516055	218555697	7	3718815	3
youtube.com	/	watch	200	410467326	78516055	218555697	83	3718815	3
youtube.com	/	watch	200	410400354	78516055	218555697	51	3718815	3
facebook.com	ajax/pagelet/generic.php	PhotoViewerInitPagelet	200	410473238	78516055	218555697	9	3927365	5
facebook.com	ajax/pagelet/generic.php	PhotoViewerInitPagelet	200	410430131	78516055	218555697	9	3927365	5
facebook.com	/	editaccount.php	200	410471821	78516055	218555697	0	5713857	5
facebook.com	/	joelle.rutledge	200	410465997	78516055	218555697	9	5713857	5
facebook.com	kimberly.candiano/posts	566476073368266	200	410472280	78516055	218555697	8	5713857	5
facebook.com	/	/	200	410472288	78516055	218555697	50	5713857	5
facebook.com	/	kimberly.candiano	200	410472386	78516055	218555697	6	5713857	5
facebook.com	/	/	200	410471835	78516055	218555697	9	5713857	5
facebook.com	brie.babich	friends	200	410470613	78516055	218555697	11	5713857	5
facebook.com	/	settings	200	410470762	78516055	218555697	2	5713857	5
twitter.com	/	/	200	410475081	78516055	218555697	8	4272659	5
twitter.com	/	/	200	410470481	78516055	218555697	11	4272659	3
twitter.com	download	/	200	410470892	78516055	218555697	4	4272659	5
twitter.com	/	/	200	410470492	78516055	218555697	3	4272659	5
twitter.com	/	/	200	410475066	78516055	218555697	15	4272659	3
twitter.com	/	logout	302	410475391	78516055	218555697	29	4272659	5
facebook.com	ajax/home	generic.php	200	410474795	78516055	218555697	64	4408844	5
facebook.com	ajax/home	generic.php	200	410474859	78516055	218555697	6	4408844	5
facebook.com	ajax/home	generic.php	200	410472338	78516055	218555697	38	4408844	5
facebook.com	kimberly.candiano	friends	200	410473823	78516055	218555697	195	3531701	5
facebook.com	/	jordann.wright.3	200	410472950	78516055	218555697	13	3531701	5
facebook.com	/	index.php	200	410470495	78516055	218555697	23	3531701	5
facebook.com	kimberly.candiano	friends	200	410474018	78516055	218555697	9	3531701	5
facebook.com	/	maddie.prine	200	410471556	78516055	218555697	5	3531701	5
facebook.com	/	elijah.horn.5	200	410472791	78516055	218555697	1	3531701	5
facebook.com	/	alexis.abigailfuller	200	410472942	78516055	218555697	8	3531701	5
facebook.com	/	deactivate.php	200	410471824	78516055	218555697	2	3531701	5
facebook.com	kimberly.candiano	friends	200	410473272	78516055	218555697	382	3531701	5
facebook.com	/	mustafa.ali999	200	410472784	78516055	218555697	7	3531701	5
facebook.com	/	amela.huskic1	200	410472769	78516055	218555697	15	3531701	5
facebook.com	/	index.php	200	410475056	78516055	218555697	10	3531701	5
facebook.com	/	index.php	200	410470745	78516055	218555697	9	3531701	5
facebook.com	kimberly.candiano	friends	200	410474083	78516055	218555697	120	3531701	5
facebook.com	/	katya.lauer	200	410472424	78516055	218555697	24	3531701	5
facebook.com	kimberly.candiano	friends	200	410473654	78516055	218555697	7	3531701	5
facebook.com	/	drew.larsen.792	200	410472448	78516055	218555697	15	3531701	5
facebook.com	/	mariah.austin.14	200	410471189	78516055	218555697	11	3531701	5
facebook.com	/	pedro.nicacio.3	200	410471385	78516055	218555697	4	3531701	5
facebook.com	/	ashley.r.dahling	200	410472706	78516055	218555697	12	3531701	5
facebook.com	/	kevin.bonebrake.73	200	410471083	78516055	218555697	20	3531701	5
facebook.com	/	uriel.santamaria	200	410472763	78516055	218555697	6	3531701	5
facebook.com	/	paige.hohensee	200	410472988	78516055	218555697	9	3531701	5
facebook.com	/	peter.palomeque	200	410472976	78516055	218555697	12	3531701	5
facebook.com	/	kimberly.candiano	200	410430147	78516055	218555697	6	3531701	5
facebook.com	/	nikki.sandhu.12	200	410472932	78516055	218555697	10	3531701	5
facebook.com	/	mauri.castro.79	200	410472693	78516055	218555697	13	3531701	5
facebook.com	/	settings	200	410470722	78516055	218555697	12	3531701	5
facebook.com	/	index.php	200	410470783	78516055	218555697	16	3531701	5
facebook.com	/	jasmina.gusalic.7	200	410472403	78516055	218555697	7	3531701	5
facebook.com	/	/	200	410470518	78516055	218555697	25	3531701	5
facebook.com	/	keishamccue1996	200	410473006	78516055	218555697	13	3531701	5
facebook.com	/	rose.kurgat.37	200	410472376	78516055	218555697	2	3531701	5
facebook.com	/	Emmie022	200	410472463	78516055	218555697	9	3531701	5
facebook.com	/	index.php	200	410470624	78516055	218555697	10	3531701	5
facebook.com	/	rashida.dawson1	200	410472718	78516055	218555697	8	3531701	5
facebook.com	/	sache.riascos	200	410471147	78516055	218555697	11	3531701	5
facebook.com	/	suzan.ali.1044	200	410470907	78516055	218555697	8	3531701	5
facebook.com	/	mauri.castro.79	200	410472472	78516055	218555697	164	3531701	5
facebook.com	/	juan.cruz.104855	200	410471051	78516055	218555697	7	3531701	5
facebook.com	/	saifhameed1993	200	410470982	78516055	218555697	38	3531701	5
facebook.com	/	patriciaa.lopesz	200	410471103	78516055	218555697	7	3531701	5
facebook.com	/	kimberly.candiano	200	410474027	78516055	218555697	5	3531701	5
facebook.com	/	Cole.BennettD	200	410472968	78516055	218555697	8	3531701	5
facebook.com	/	nibrar.abdalla	200	410472726	78516055	218555697	16	3531701	5
facebook.com	/	danny.ramer	200	410472963	78516055	218555697	5	3531701	5
facebook.com	/	settings	200	410470720	78516055	218555697	2	5713857	3
facebook.com	/	/	200	410426555	78516055	218555697	58	5713857	5
facebook.com	groups/235836933121574	/	200	410467436	78516055	218555697	12	8222324	5
facebook.com	/	ricardo12000	200	410470577	78516055	218555697	3	8222324	5
facebook.com	/	chuckdpierce	200	410486152	78516055	218555697	5	8222324	5
facebook.com	/	brie.babich	200	410470699	78516055	218555697	1	8222324	3
facebook.com	/	francis.meyer3	200	410485197	78516055	218555697	4	8222324	5
instagram.com	oauth/authorize	/	302	410475928	78516055	218555697	4	9585106	5
instagram.com	oauth/authorize	/	302	410475932	78516055	218555697	2	9585106	5
instagram.com	p/T9IBnRBjoM	/	200	410475161	78516055	218555697	120	9585106	3
facebook.com	groups/235836933121574	/	200	410486179	78516055	218555697	120	8222324	5
facebook.com	/	francis.meyer3	200	410463901	78516055	218555697	4	8222324	5
facebook.com	/	profile.php	200	410470696	78516055	218555697	3	8194001	3
facebook.com	/	profile.php	200	410430145	78516055	218555697	2	8194001	5
facebook.com	/	profile.php	200	410430130	78516055	218555697	1	8194001	5
facebook.com	search	results.php	200	410426306	78516055	218555697	13	8222317	5
facebook.com	groups/235836933121574	/	200	410475016	78516055	218555697	40	8222324	5
facebook.com	groups/235836933121574	/	200	410408336	78516055	218555697	74	8222324	5
facebook.com	/	francis.meyer3	200	410427407	78516055	218555697	5	8222324	5
facebook.com	ajax/pagelet/generic.php	ProfileTimelineSectionPagelet	200	410471535	78516055	218555697	21	13704975	5
facebook.com	ajax/pagelet/generic.php	ProfileTimelineSectionPagelet	200	410472803	78516055	218555697	9	13704975	5
facebook.com	ajax/pagelet/generic.php	ProfileTimelineSectionPagelet	200	410473247	78516055	218555697	7	13704975	5
facebook.com	ajax/pagelet/generic.php	ProfileTimelineSectionPagelet	200	410408557	78516055	218555697	40	13704975	5
facebook.com	ajax/pagelet/generic.php	ProfileTimelineSectionPagelet	200	410470586	78516055	218555697	6	13704975	5
facebook.com	ajax/pagelet/generic.php	ProfileTimelineSectionPagelet	200	410471200	78516055	218555697	31	13704975	5
facebook.com	ajax/pagelet/generic.php	ProfileTimelineSectionPagelet	200	410473213	78516055	218555697	25	13704975	5
facebook.com	ajax/pagelet/generic.php	ProfileTimelineSectionPagelet	200	410427437	78516055	218555697	120	13704975	5
facebook.com	ajax/pagelet/generic.php	ProfileTimelineSectionPagelet	200	410472410	78516055	218555697	4	13704975	5
facebook.com	ajax/pagelet/generic.php	ProfileTimelineSectionPagelet	200	410473254	78516055	218555697	18	13704975	5
facebook.com	ajax/pagelet/generic.php	ProfileTimelineSectionPagelet	200	410471389	78516055	218555697	65	13704975	5
facebook.com	ajax/pagelet/generic.php	ProfileTimelineSectionPagelet	200	410430019	78516055	218555697	71	13704975	5
facebook.com	joanna.gonzalez.351/posts	462101390520722	200	410474032	78516055	218555697	6	13093494	5
facebook.com	/	joanna.gonzalez.351	200	410471528	78516055	218555697	7	13093494	5
facebook.com	pedro.nicacio.3/posts	446675472053288	200	410471736	78516055	218555697	5	5713857	5
facebook.com	kimberly.candiano	friends	200	410472392	78516055	218555697	11	5713857	5
facebook.com	/	thebirthingchamber	200	410429917	78516055	218555697	8	5713857	5
facebook.com	/	madison.vaeda	200	410470641	78516055	218555697	2	5713857	3
facebook.com	notes/phyllis-ford/word-of-the-lord-2013-part-i-by-prophet-phyllis-ford	397317433690541	200	410478733	78516055	218555697	120	5713857	5
facebook.com	kimberly.candiano/posts	566476073368266	200	410472382	78516055	218555697	2	5713857	5
facebook.com	/	kimberly.candiano	200	410471631	78516055	218555697	3	5713857	5
facebook.com	/	brie.babich	200	410470608	78516055	218555697	5	5713857	5
facebook.com	/	deactivate.php	200	410470764	78516055	218555697	19	5713857	5
facebook.com	/	mariah.austin.14	200	410471627	78516055	218555697	4	5713857	5
facebook.com	/	settings	200	410470734	78516055	218555697	11	5713857	5
facebook.com	messages	100001325168208	200	410471752	78516055	218555697	69	5713857	5
facebook.com	/	settings	200	410471821	78516055	218555697	3	5713857	5
facebook.com	kimberly.candiano	friends	200	410474038	78516055	218555697	45	5713857	5
facebook.com	/	/	200	410472384	78516055	218555697	2	5713857	5
facebook.com	notes/phyllis-ford/word-of-the-lord-2013-part-i-by-prophet-phyllis-ford	397317433690541	200	410463963	78516055	218555697	120	5713857	5
facebook.com	/	kimberly.candiano	200	410426967	78516055	218555697	10	5713857	5
facebook.com	/	/	200	410471616	78516055	218555697	6	5713857	5
facebook.com	kimberly.candiano	friends	200	410473663	78516055	218555697	120	5713857	5
facebook.com	/	/	200	410471741	78516055	218555697	11	5713857	5
facebook.com	/	editaccount.php	200	410470720	78516055	218555697	0	5713857	3
facebook.com	/	/	200	410474718	78516055	218555697	14	5713857	5
facebook.com	kimberly.candiano/posts	566476073368266	200	410470896	78516055	218555697	11	5713857	5
facebook.com	/	editaccount.php	200	410470762	78516055	218555697	0	5713857	5
facebook.com	/	/	200	410484979	78516055	218555697	4	5713857	5
facebook.com	messages	/	200	410471832	78516055	218555697	3	5713857	5
facebook.com	settings	/	200	410471826	78516055	218555697	1	5713857	5
facebook.com	/	diane.tinker	200	410471865	78516055	218555697	405	5713857	5
facebook.com	/	/	302	410470476	78516055	218555697	4	6056310	3
facebook.com	/	/	302	410463766	78516055	218555697	2	6056310	3
facebook.com	/	/	200	410478596	78516055	218555697	49	6056310	5
facebook.com	/	/	200	410426076	78516055	218555697	120	6056310	5
facebook.com	/	/	200	410478577	78516055	218555697	19	6056310	5
facebook.com	/	/	200	410470799	78516055	218555697	93	6056310	5
facebook.com	/	/	302	410478576	78516055	218555697	1	6056310	3
facebook.com	/	/	200	410470754	78516055	218555697	8	6056310	5
facebook.com	/	/	302	410407916	78516055	218555697	5	6056310	3
facebook.com	/	/	302	410426073	78516055	218555697	3	6056310	3
facebook.com	/	/	200	410470480	78516055	218555697	1	6056310	5
facebook.com	/	/	200	410471830	78516055	218555697	2	5713857	5
facebook.com	messages	/	200	410472270	78516055	218555697	10	5713857	5
facebook.com	/	settings	200	410471827	78516055	218555697	3	5713857	5
facebook.com	kevin.bonebrake.73/posts	386967114730569	200	410471352	78516055	218555697	33	5713857	5
facebook.com	/	/	200	410471231	78516055	218555697	121	5713857	5
facebook.com	/	Rezjohn01	200	410408511	78516055	218555697	27	5713857	5
facebook.com	mariah.austin.14/posts	193296630810367	200	410471622	78516055	218555697	5	5713857	5
facebook.com	/	ricardo.gonzalez.9028	200	410470559	78516055	218555697	5	5713857	5
facebook.com	/	/	200	410463768	78516055	218555697	113	6056310	5
facebook.com	/	/	302	410461629	78516055	218555697	120	6056310	3
facebook.com	/	/	200	410407921	78516055	218555697	120	6056310	5
facebook.com	/	/	200	410474883	78516055	218555697	62	6056310	5
facebook.com	/	/	200	410447326	85688449	238619889	78	6056310	5
facebook.com	/	clayton.powers.9	200	410466674	85688449	238619889	10	8222324	5
facebook.com	clayton.powers.9	friends	200	410466760	85688449	238619889	35	8222324	5
facebook.com	/	/	302	410413708	85688449	238619889	1	6056310	3
facebook.com	/	/	200	410466324	85688449	238619889	11	6056310	5
facebook.com	/	/	200	410457427	85688449	238619889	15	6056310	5
facebook.com	/	/	302	410457426	85688449	238619889	1	6056310	3
facebook.com	/	/	200	410413709	85688449	238619889	31	6056310	5
facebook.com	/	/	302	410447312	85688449	238619889	6	6056310	3
facebook.com	/	/	200	410466743	85688449	238619889	13	6056310	5
facebook.com	/	/	200	410457442	85688449	238619889	84	6056310	5
facebook.com	/	/	302	410466323	85688449	238619889	1	6056310	3
facebook.com	/	clayton.powers.9	200	410466756	85688449	238619889	4	8222324	5
facebook.com	/	clayton.powers.9	200	410447675	85688449	238619889	2	8222324	5
facebook.com	ajax/pagelet/generic.php	MoreStoriesPagelet	200	410447404	85688449	238619889	154	14932183	5
facebook.com	ajax/pagelet/generic.php	MoreStoriesPagelet	200	410447558	85688449	238619889	84	14932183	5
facebook.com	ajax/pagelet/generic.php	MoreStoriesPagelet	200	410447728	85688449	238619889	317	14932183	5
facebook.com	ajax/pagelet/generic.php	MoreStoriesPagelet	200	410466558	85688449	238619889	114	14932183	5
facebook.com	ajax/pagelet/generic.php	MoreStoriesPagelet	200	410457526	85688449	238619889	51	14932183	5
facebook.com	ajax/pagelet/generic.php	MoreStoriesPagelet	200	410447642	85688449	238619889	33	14932183	5
facebook.com	ajax/pagelet/generic.php	MoreStoriesPagelet	200	410448045	85688449	238619889	20	14932183	5
facebook.com	ajax/pagelet/generic.php	MoreStoriesPagelet	200	410466479	85688449	238619889	79	14932183	5
facebook.com	ajax/pagelet/generic.php	MoreStoriesPagelet	200	410413936	85688449	238619889	120	14932183	5
facebook.com	ajax/pagelet/generic.php	ProfileTimelineSectionPagelet	200	410447677	85688449	238619889	20	13704975	5
facebook.com	ajax/pagelet/generic.php	ProfileTimelineSectionPagelet	200	410466797	85688449	238619889	4	13704975	5
facebook.com	ajax/pagelet/generic.php	ProfileTimelineSectionPagelet	200	410400074	85688449	238619889	28	13704975	5
facebook.com	ajax/pagelet/generic.php	ProfileTimelineSectionPagelet	200	410466684	85688449	238619889	35	13704975	5
facebook.com	ajax/pagelet/generic.php	ProfileTimelineSectionPagelet	200	410466801	85688449	238619889	11	13704975	5
facebook.com	/	/	200	410466335	85688449	238619889	24	6056310	5
facebook.com	/	/	200	410413740	85688449	238619889	9	6056310	5
facebook.com	/	/	200	410447318	85688449	238619889	8	6056310	5
facebook.com	/	index.php	200	410400136	85688449	238619889	60	3531701	5
facebook.com	/	index.php	200	410457577	85688449	238619889	120	3531701	5
facebook.com	/	index.php	200	410448156	85688449	238619889	60	3531701	5
facebook.com	/	index.php	200	410466729	85688449	238619889	14	3531701	5
facebook.com	/	index.php	200	410414133	85688449	238619889	120	3531701	5
facebook.com	/	index.php	200	410466818	85688449	238619889	60	3531701	5
facebook.com	ajax/pagelet/generic.php	PhotoViewerInitPagelet	200	410466672	85688449	238619889	2	3927365	5
facebook.com	/	cindy.ogdenbetancourt	200	410466812	85688449	238619889	6	5713857	5
facebook.com	clayton.powers.9/posts	547427678619568	200	410448065	85688449	238619889	73	5713857	5
facebook.com	/	/	200	410466719	85688449	238619889	10	5713857	5
facebook.com	wanda.l.hamilton.7/posts	10200237079753351	200	410413749	85688449	238619889	13	5713857	5
facebook.com	clayton.powers.9/posts	547427678619568	200	410413762	85688449	238619889	49	5713857	5
facebook.com	/	/	200	410466376	85688449	238619889	24	5713857	5
facebook.com	/	/	200	410413811	85688449	238619889	4	5713857	5
facebook.com	/	VisalusNutritionAndGoodHealth	200	410400072	85688449	238619889	2	5713857	5
facebook.com	/	/	200	410448138	85688449	238619889	18	5713857	5
facebook.com	ajax/home	generic.php	200	410466400	85688449	238619889	79	4408844	5
facebook.com	/	/	200	410400055	85688449	238619889	17	5713857	5
facebook.com	/	/	200	410400102	85688449	238619889	34	5713857	5
facebook.com	/	dhobert	200	410466795	85688449	238619889	2	5713857	5
facebook.com	/	/	200	410447697	85688449	238619889	31	5713857	5
facebook.com	/	/	200	410413815	85688449	238619889	120	5713857	5
facebook.com	roger.williams.14224/posts	508168872539100	200	410466359	85688449	238619889	17	5713857	5
