youtube.com	/	watch	200	410484977	104440299	161321978	60	3718815	3
youtube.com	/	watch	200	410484941	104440299	161321978	36	3718815	3
facebook.com	ajax/pagelet/generic.php	ProfileTimelineSectionPagelet	200	410413456	110630700	162076778	7	13704975	5
facebook.com	ajax/pagelet/generic.php	ProfileTimelineSectionPagelet	200	410413463	110630700	162076778	13	13704975	5
facebook.com	ajax/pagelet/generic.php	MoreStoriesPagelet	200	410413411	110630700	162076778	10	14932183	5
facebook.com	ajax/pagelet/generic.php	MoreStoriesPagelet	200	410413421	110630700	162076778	28	14932183	5
facebook.com	/	/	200	410413329	110630700	162076778	16	3531701	5
facebook.com	dragoncity	/	200	410412978	110630700	162076778	4	4761456	5
facebook.com	/	Snowprint1	200	410413449	110630700	162076778	7	5713857	5
facebook.com	/	/	200	410413406	110630700	162076778	5	5713857	5
facebook.com	melissa.mueller.9277/posts	459871504073653	200	410413345	110630700	162076778	61	5713857	5
youtube.com	/	watch	200	410477318	116639498	162150842	31	3718815	3
facebook.com	/	/	200	410482048	119975464	162298010	7	6056310	5
facebook.com	/	/	302	410482046	119975464	162298010	2	6056310	3
twitter.com	i	/	200	410417004	121089734	162345530	58	4272659	5
twitter.com	_hypedNERVES/status/285972385964896256/photo	1	200	410417810	121089734	162345530	15	4272659	5
twitter.com	/	/	200	410417003	121089734	162345530	1	4272659	5
twitter.com	/	Waddup_Fo	200	410417062	121089734	162345530	19	4272659	5
youtube.com	/	watch	200	410480230	125040691	162514946	120	7549996	3
youtube.com	/	results	200	410413850	125040691	162514946	20	3718815	3
youtube.com	/	results	200	410414242	125040691	162514946	14	3718815	5
youtube.com	/	watch	200	410413882	125040691	162514946	7	3718815	3
youtube.com	/	watch	200	410479649	125040691	162514946	66	3718815	3
youtube.com	/	results	200	410413870	125040691	162514946	12	3718815	3
youtube.com	/	watch	200	410415309	125040691	162514946	48	3718815	3
youtube.com	/	results	200	410478867	125040691	162514946	13	3718815	3
youtube.com	/	results	200	410476331	125040691	162514946	5	3718815	3
youtube.com	/	results	200	410476028	125040691	162514946	41	3718815	3
youtube.com	/	watch	200	410479715	125040691	162514946	19	3718815	3
youtube.com	/	results	200	410479906	125040691	162514946	13	3718815	3
youtube.com	/	results	200	410414029	125040691	162514946	16	3718815	3
youtube.com	/	watch	200	410415357	125040691	162514946	37	3718815	3
youtube.com	user	movies	200	410414193	125040691	162514946	23	3718815	5
youtube.com	/	watch	200	410479919	125040691	162514946	33	3718815	3
youtube.com	/	watch	200	410480158	125040691	162514946	72	3718815	3
youtube.com	/	watch	200	410476069	125040691	162514946	11	3718815	3
youtube.com	/	results	200	410476324	125040691	162514946	7	3718815	3
youtube.com	/	watch	200	410479952	125040691	162514946	80	3718815	3
youtube.com	/	watch	200	410480082	125040691	162514946	22	3718815	3
youtube.com	/	watch	200	410415642	125040691	162514946	104	3718815	3
youtube.com	/	watch	200	410480032	125040691	162514946	50	3718815	3
youtube.com	/	watch	200	410415850	125040691	162514946	41	3718815	3
youtube.com	/	watch	200	410479792	125040691	162514946	83	3718815	3
youtube.com	/	watch	200	410414045	125040691	162514946	29	3718815	3
youtube.com	/	watch	200	410476336	125040691	162514946	106	3718815	3
youtube.com	/	watch	200	410478880	125040691	162514946	120	3718815	3
youtube.com	/	watch	200	410414256	125040691	162514946	9	3718815	5
youtube.com	/	results	200	410479636	125040691	162514946	13	3718815	3
youtube.com	/	/	200	410414002	125040691	162514946	3	6174440	3
youtube.com	/	/	200	410479623	125040691	162514946	13	6174440	3
youtube.com	/	/	200	410476294	125040691	162514946	30	6174440	3
youtube.com	/	/	200	410414005	125040691	162514946	24	6174440	3
youtube.com	/	/	200	410476003	125040691	162514946	9	6174440	3
facebook.com	/	index.php	200	410400832	126819744	162602402	60	3531701	5
tumblr.com	/	/	200	410402789	130118818	162752690	54	4499227	3
amazon.com	dp/0262071827	?tag=googhydr-20&hvadid=8661534084&hvpos=1s2&hvexid=&hvnetw=g&hvrand=2110825242943602670&hvpone=40.00&hvptwo=&hvqmt=b&ref=pd_sl_5gy86bnogj_b	200	410474630	129905554	162752954	33	671065	3
amazon.com	dp/0262071827	?tag=googhydr-20&hvadid=8661534084&hvpos=1s2&hvexid=&hvnetw=g&hvrand=2110825242943602670&hvpone=40.00&hvptwo=&hvqmt=b&ref=pd_sl_5gy86bnogj_b	200	410474599	129905554	162752954	31	671065	3
youtube.com	/	/	200	410410067	127139469	162775130	12	15276118	3
youtube.com	/	results	200	410410063	127139469	162775130	4	3718815	3
youtube.com	/	watch	200	410410061	127139469	162775130	2	3718815	3
twitter.com	/	logout	302	410400087	132564428	162853490	26	4272659	5
bostonproper.com	thumbnail/final-clearance/108/index/0/c/108/pc/53/viewall	1.uts	200	410461151	68849701	205180322	37	807962	3
bostonproper.com	thumbnail/extra-30-off/4972/index/0/c/4972/pc/51/viewall	1.uts	200	410460562	68849701	205180322	78	807962	3
bostonproper.com	thumbnail/extra-30-off/4972/c/4972/pc	51.uts	200	410460537	68849701	205180322	25	807962	3
bostonproper.com	js	utility_javascript.jsp	200	410460528	68849701	205180322	9	807962	3
bostonproper.com	thumbnail/final-clearance/108/c/108/pc	53.uts	200	410460640	68849701	205180322	26	807962	3
bostonproper.com	catalog	include_fluid_display.jsp	200	410461190	68849701	205180322	14	807962	3
bostonproper.com	/	redirect.jsp	200	410461204	68849701	205180322	21	807962	3
bostonproper.com	product/Macram-detail-maxi-dress/836812/sc/108/c/108/pc	53.uts	200	410461188	68849701	205180322	2	807962	3
youtube.com	/	watch	200	410421051	63304125	206178530	13	3718815	3
youtube.com	/	watch	200	410421064	63304125	206178530	120	3718815	3
facebook.com	/	/	302	410473106	72064961	210376490	45	6056310	3
facebook.com	/	/	200	410482218	72064961	210376490	104	6056310	3
facebook.com	/	profile.php	200	410400213	72064961	210376490	5	8194001	3
facebook.com	pages/A-Family-That-Prays-Together-Stays-Together	255256893328	200	410474951	72064961	210376490	23	8222321	3
facebook.com	pages/A-Family-That-Prays-Together-Stays-Together	255256893328	200	410474922	72064961	210376490	29	8222321	3
facebook.com	pages/A-Family-That-Prays-Together-Stays-Together	255256893328	200	410475034	72064961	210376490	51	8222321	3
facebook.com	ajax/pagelet/generic.php	ProfileTimelineSectionPagelet	200	410475599	72064961	210376490	46	13704975	3
facebook.com	ajax/pagelet/generic.php	ProfileTimelineSectionPagelet	200	410475201	72064961	210376490	85	13704975	3
facebook.com	ajax/pagelet/generic.php	ProfileTimelineSectionPagelet	200	410400470	72064961	210376490	60	13704975	3
facebook.com	/	/	200	410473151	72064961	210376490	60	6056310	3
facebook.com	/	/	200	410482752	72064961	210376490	58	6056310	3
facebook.com	/	logout.php	302	410482548	72064961	210376490	120	4934870	3
facebook.com	/	/	200	410475286	72064961	210376490	56	5713857	3
facebook.com	latoya.m.lewis/posts	103263199843896	200	410400343	72064961	210376490	25	5713857	3
facebook.com	/	mikestirefactoryaz	200	410475085	72064961	210376490	116	5713857	3
facebook.com	/	latoya.m.lewis	200	410400419	72064961	210376490	31	5713857	3
facebook.com	/	/	200	410475722	72064961	210376490	120	5713857	3
facebook.com	/	/	200	410400368	72064961	210376490	51	5713857	3
facebook.com	/	pat.estrada.92	200	410400236	72064961	210376490	107	5713857	3
facebook.com	latoya.m.lewis/posts	206942559430758	200	410403564	72064961	210376490	35	5713857	3
facebook.com	/	latoya.m.lewis	200	410475454	72064961	210376490	63	5713857	3
facebook.com	ajax/pagelet/generic.php	ProfileTimelineSectionPagelet	200	410475645	72064961	210376490	77	13704975	3
facebook.com	ajax/pagelet/generic.php	ProfileTimelineSectionPagelet	200	410400218	72064961	210376490	18	13704975	3
facebook.com	ajax/pagelet/generic.php	MoreStoriesPagelet	200	410473283	72064961	210376490	600	14932183	3
facebook.com	ajax/pagelet/generic.php	MoreStoriesPagelet	200	410475342	72064961	210376490	112	14932183	3
facebook.com	ajax/pagelet/generic.php	MoreStoriesPagelet	200	410482810	72064961	210376490	13	14932183	3
facebook.com	ajax/pagelet/generic.php	MoreStoriesPagelet	200	410482506	72064961	210376490	42	14932183	3
facebook.com	ajax/pagelet/generic.php	MoreStoriesPagelet	200	410474278	72064961	210376490	25	14932183	3
facebook.com	ajax/pagelet/generic.php	ProfileTimelineSectionPagelet	200	410475517	72064961	210376490	82	13704975	3
facebook.com	ajax/pagelet/generic.php	ProfileTimelineSectionPagelet	200	410400450	72064961	210376490	20	13704975	3
facebook.com	ajax/pagelet/generic.php	MoreStoriesPagelet	200	410482353	72064961	210376490	153	14932183	3
facebook.com	ajax/pagelet/generic.php	MoreStoriesPagelet	200	410473945	72064961	210376490	333	14932183	3
facebook.com	ajax/pagelet/generic.php	MoreStoriesPagelet	200	410474670	72064961	210376490	226	14932183	3
facebook.com	ajax/pagelet/generic.php	MoreStoriesPagelet	200	410474303	72064961	210376490	29	14932183	3
facebook.com	ajax/pagelet/generic.php	MoreStoriesPagelet	200	410482322	72064961	210376490	31	14932183	3
facebook.com	ajax/pagelet/generic.php	MoreStoriesPagelet	200	410473929	72064961	210376490	16	14932183	3
facebook.com	ajax/pagelet/generic.php	MoreStoriesPagelet	200	410474332	72064961	210376490	338	14932183	3
facebook.com	ajax/pagelet/generic.php	MoreStoriesPagelet	200	410474896	72064961	210376490	26	14932183	3
facebook.com	ajax/pagelet/generic.php	MoreStoriesPagelet	200	410473211	72064961	210376490	72	14932183	3
facebook.com	/	index.php	302	410403599	72064961	210376490	60	3531701	3
facebook.com	/	index.php	302	410482823	72064961	210376490	60	3531701	3
facebook.com	/	latoya.m.lewis	200	410400032	72064961	210376490	120	3531701	3
facebook.com	ajax/pagelet/generic.php	PhotoViewerInitPagelet	200	410474974	72064961	210376490	60	3927365	3
facebook.com	/	francinee3	200	410442252	72093497	217011074	7	3531701	3
facebook.com	/	/	200	410443688	72093497	217011074	60	5713857	3
facebook.com	messages	/	200	410439560	72093497	217011074	120	5713857	3
facebook.com	/	carolyn.morales.96	200	410439482	72093497	217011074	5	5713857	3
facebook.com	/	/	200	410439445	72093497	217011074	37	6056310	3
facebook.com	/	tyler.schumann.161	200	410443539	72093497	217011074	5	8222324	3
facebook.com	messages	francinee3	200	410442219	72093497	217011074	5	11157922	3
facebook.com	ajax/pagelet/generic.php	ProfileTimelineSectionPagelet	200	410443544	72093497	217011074	13	13704975	3
facebook.com	ajax/pagelet/generic.php	ProfileTimelineSectionPagelet	200	410442259	72093497	217011074	7	13704975	3
facebook.com	ajax/pagelet/generic.php	ProfileTimelineSectionPagelet	200	410443651	72093497	217011074	37	13704975	3
facebook.com	ajax/pagelet/generic.php	ProfileTimelineSectionPagelet	200	410439487	72093497	217011074	19	13704975	3
facebook.com	ajax/pagelet/generic.php	ProfileTimelineSectionPagelet	200	410443557	72093497	217011074	5	13704975	3
facebook.com	ajax/pagelet/generic.php	ProfileTimelineSectionPagelet	200	410443562	72093497	217011074	58	13704975	3
facebook.com	ajax/pagelet/generic.php	ProfileTimelineSectionPagelet	200	410439517	72093497	217011074	21	13704975	3
facebook.com	ajax/pagelet/generic.php	ProfileTimelineSectionPagelet	200	410439506	72093497	217011074	11	13704975	3
facebook.com	ajax/pagelet/generic.php	ProfileTimelineSectionPagelet	200	410443620	72093497	217011074	31	13704975	3
facebook.com	/	/	200	410443517	72093497	217011074	22	5713857	3
facebook.com	/	brianna.monique.77	200	410439538	72093497	217011074	22	5713857	3
facebook.com	ajax/mercury/attachments/photo/view	/	200	410442224	72093497	217011074	4	3927365	3
facebook.com	ajax/pagelet/generic.php	PhotoViewerPagelet	200	410442354	72093497	217011074	120	3927365	3
facebook.com	ajax/mercury/attachments/photo/view	/	200	410442228	72093497	217011074	24	3927365	3
facebook.com	ajax/pagelet/generic.php	PhotoViewerPagelet	200	410442266	72093497	217011074	14	3927365	3
facebook.com	ajax/pagelet/generic.php	PhotoViewerPagelet	200	410442329	72093497	217011074	25	3927365	3
facebook.com	ajax/mercury/attachments/photo/view	/	200	410440734	72093497	217011074	600	3927365	3
facebook.com	ajax/pagelet/generic.php	PhotoViewerPagelet	200	410442299	72093497	217011074	30	3927365	3
facebook.com	ajax/mercury/attachments/photo/view	/	200	410442218	72093497	217011074	1	3927365	3
facebook.com	ajax/pagelet/generic.php	PhotoViewerPagelet	200	410442280	72093497	217011074	19	3927365	3
tumblr.com	/	/	200	410439300	72093497	217011074	13	4499227	3
tumblr.com	/	/	200	410439313	72093497	217011074	120	4499227	3
twitter.com	/	/	200	410433771	72093497	217011074	7	4272659	5
twitter.com	foreverbreexo/media	slideshow	302	410433778	72093497	217011074	6	4272659	5
twitter.com	/	foreverbreexo	200	410439296	72093497	217011074	4	4272659	5
twitter.com	i	/	200	410433784	72093497	217011074	600	4272659	5
facebook.com	pioneertrail	reward.php	200	410475369	49783354	217509362	16	15868846	5
facebook.com	pioneertrail	reward.php	200	410475574	49783354	217509362	11	15868846	5
facebook.com	pioneertrail	reward.php	200	410473023	49783354	217509362	14	15868846	5
facebook.com	pioneertrail	reward.php	200	410459611	49783354	217509362	6	15868846	5
facebook.com	pioneertrail	/	200	410406006	49783354	217509362	11	15868846	5
facebook.com	pioneertrail	/	200	410473455	49783354	217509362	15	15868846	5
facebook.com	pioneertrail	reward.php	200	410472657	49783354	217509362	8	15868846	5
facebook.com	pioneertrail	/	200	410418114	49783354	217509362	10	15868846	5
facebook.com	pioneertrail	reward.php	200	410475851	49783354	217509362	24	15868846	5
facebook.com	pioneertrail	/	200	410406941	49783354	217509362	53	15868846	5
facebook.com	pioneertrail	reward.php	200	410475942	49783354	217509362	16	15868846	5
facebook.com	pioneertrail	reward.php	200	410476279	49783354	217509362	9	15868846	5
facebook.com	pioneertrail	/	200	410473242	49783354	217509362	20	15868846	5
facebook.com	pioneertrail	/	200	410418203	49783354	217509362	11	15868846	5
facebook.com	pioneertrail	reward.php	200	410459661	49783354	217509362	21	15868846	5
facebook.com	pioneertrail	reward.php	200	410467839	49783354	217509362	8	15868846	5
facebook.com	pioneertrail	reward.php	200	410474876	49783354	217509362	15	15868846	5
facebook.com	pioneertrail	/	200	410467802	49783354	217509362	19	15868846	5
facebook.com	pioneertrail	reward.php	200	410403086	49783354	217509362	23	15868846	5
facebook.com	pioneertrail	/	200	410474940	49783354	217509362	12	15868846	5
facebook.com	bubblesafariocean	index.php	200	410415909	49783354	217509362	60	15339344	5
facebook.com	pioneertrail	reward.php	200	410418096	49783354	217509362	12	15868846	5
facebook.com	pioneertrail	reward.php	200	410473563	49783354	217509362	18	15868846	5
facebook.com	pioneertrail	/	200	410476024	49783354	217509362	22	15868846	5
facebook.com	pioneertrail	reward.php	200	410473375	49783354	217509362	9	15868846	5
facebook.com	pioneertrail	reward.php	200	410468456	49783354	217509362	4	15868846	5
facebook.com	pioneertrail	/	200	410409900	49783354	217509362	120	15868846	5
facebook.com	pioneertrail	gift_request_accept.php	200	410473997	49783354	217509362	10	15868846	5
facebook.com	pioneertrail	reward.php	200	410476948	49783354	217509362	13	15868846	5
facebook.com	pioneertrail	reward.php	200	410473053	49783354	217509362	21	15868846	5
facebook.com	pioneertrail	/	200	410475088	49783354	217509362	16	15868846	5
facebook.com	pioneertrail	reward.php	200	410467780	49783354	217509362	13	15868846	5
facebook.com	pioneertrail	reward.php	200	410459447	49783354	217509362	22	15868846	5
facebook.com	pioneertrail	reward.php	200	410454700	49783354	217509362	11	15868846	5
facebook.com	pioneertrail	reward.php	200	410473581	49783354	217509362	25	15868846	5
facebook.com	pioneertrail	/	200	410459382	49783354	217509362	11	15868846	5
facebook.com	pioneertrail	reward.php	200	410476358	49783354	217509362	2	15868846	5
facebook.com	pioneertrail	reward.php	200	410475321	49783354	217509362	9	15868846	5
facebook.com	pioneertrail	reward.php	200	410463440	49783354	217509362	12	15868846	5
facebook.com	pioneertrail	reward.php	200	410473656	49783354	217509362	25	15868846	5
facebook.com	pioneertrail	reward.php	200	410476799	49783354	217509362	25	15868846	5
facebook.com	pioneertrail	reward.php	200	410467864	49783354	217509362	10	15868846	5
facebook.com	pioneertrail	reward.php	200	410475654	49783354	217509362	14	15868846	5
facebook.com	pioneertrail	reward.php	200	410402983	49783354	217509362	21	15868846	5
facebook.com	pioneertrail	reward.php	200	410473074	49783354	217509362	9	15868846	5
facebook.com	pioneertrail	reward.php	200	410476171	49783354	217509362	13	15868846	5
facebook.com	pioneertrail	reward.php	200	410473681	49783354	217509362	35	15868846	5
facebook.com	pioneertrail	/	200	410467739	49783354	217509362	1	15868846	5
facebook.com	pioneertrail	/	200	410472670	49783354	217509362	5	15868846	5
facebook.com	pioneertrail	reward.php	200	410459727	49783354	217509362	13	15868846	5
facebook.com	pioneertrail	gift_request_accept.php	200	410474021	49783354	217509362	12	15868846	5
facebook.com	pioneertrail	reward.php	200	410476922	49783354	217509362	26	15868846	5
facebook.com	pioneertrail	reward.php	200	410473490	49783354	217509362	18	15868846	5
facebook.com	pioneertrail	/	200	410403012	49783354	217509362	23	15868846	5
facebook.com	pioneertrail	reward.php	200	410475017	49783354	217509362	5	15868846	5
facebook.com	pioneertrail	/	200	410474986	49783354	217509362	11	15868846	5
facebook.com	pioneertrail	reward.php	200	410473470	49783354	217509362	20	15868846	5
facebook.com	pioneertrail	reward.php	200	410475875	49783354	217509362	25	15868846	5
facebook.com	pioneertrail	/	200	410403128	49783354	217509362	25	15868846	5
facebook.com	pioneertrail	/	200	410472973	49783354	217509362	17	15868846	5
facebook.com	pioneertrail	/	200	410473731	49783354	217509362	14	15868846	5
facebook.com	pioneertrail	/	200	410467852	49783354	217509362	12	15868846	5
facebook.com	pioneertrail	/	200	410407043	49783354	217509362	65	15868846	5
facebook.com	pioneertrail	reward.php	200	410473542	49783354	217509362	21	15868846	5
facebook.com	pioneertrail	reward.php	200	410473937	49783354	217509362	11	15868846	5
facebook.com	pioneertrail	/	200	410474858	49783354	217509362	18	15868846	5
facebook.com	pioneertrail	reward.php	200	410459364	49783354	217509362	13	15868846	5
facebook.com	pioneertrail	reward.php	200	410476899	49783354	217509362	23	15868846	5
facebook.com	pioneertrail	index.php	200	410454716	49783354	217509362	8	15868846	5
facebook.com	pioneertrail	reward.php	200	410474845	49783354	217509362	9	15868846	5
facebook.com	pioneertrail	reward.php	200	410472990	49783354	217509362	9	15868846	5
facebook.com	pioneertrail	reward.php	200	410476684	49783354	217509362	8	15868846	5
facebook.com	pioneertrail	reward.php	200	410475801	49783354	217509362	25	15868846	5
facebook.com	pioneertrail	reward.php	200	410476849	49783354	217509362	24	15868846	5
facebook.com	pioneertrail	/	200	410474906	49783354	217509362	18	15868846	5
facebook.com	pioneertrail	reward.php	200	410475450	49783354	217509362	25	15868846	5
facebook.com	pioneertrail	/	200	410473275	49783354	217509362	11	15868846	5
facebook.com	/	login.php	302	410406753	49783354	217509362	1	12438930	3
facebook.com	/	login.php	200	410406754	49783354	217509362	17	12438930	5
facebook.com	ajax/pagelet/generic.php	ProfileTimelineSectionPagelet	200	410412965	49783354	217509362	21	13704975	5
facebook.com	ajax/pagelet/generic.php	ProfileTimelineSectionPagelet	200	410474052	49783354	217509362	21	13704975	5
facebook.com	ajax/pagelet/generic.php	ProfileTimelineSectionPagelet	200	410413022	49783354	217509362	9	13704975	5
facebook.com	ajax/pagelet/generic.php	ProfileTimelineSectionPagelet	200	410413051	49783354	217509362	43	13704975	5
facebook.com	ajax/pagelet/generic.php	ProfileTimelineSectionPagelet	200	410474097	49783354	217509362	6	13704975	5
facebook.com	ajax/pagelet/generic.php	ProfileTimelineSectionPagelet	200	410413031	49783354	217509362	9	13704975	5
facebook.com	ajax/pagelet/generic.php	ProfileTimelineSectionPagelet	200	410454339	49783354	217509362	7	13704975	5
facebook.com	ajax/pagelet/generic.php	ProfileTimelineSectionPagelet	200	410454346	49783354	217509362	5	13704975	5
facebook.com	ajax/pagelet/generic.php	ProfileTimelineSectionPagelet	200	410478996	49783354	217509362	10	13704975	5
facebook.com	ajax/pagelet/generic.php	ProfileTimelineSectionPagelet	200	410473890	49783354	217509362	19	13704975	5
facebook.com	ajax/pagelet/generic.php	MoreStoriesPagelet	200	410473860	49783354	217509362	23	14932183	5
facebook.com	ajax/pagelet/generic.php	MoreStoriesPagelet	200	410476577	49783354	217509362	13	14932183	5
facebook.com	ajax/pagelet/generic.php	MoreStoriesPagelet	200	410409783	49783354	217509362	76	14932183	5
facebook.com	ajax/pagelet/generic.php	MoreStoriesPagelet	200	410467436	49783354	217509362	14	14932183	5
facebook.com	ajax/pagelet/generic.php	MoreStoriesPagelet	200	410459717	49783354	217509362	10	14932183	5
facebook.com	ajax/pagelet/generic.php	MoreStoriesPagelet	200	410418153	49783354	217509362	4	14932183	5
facebook.com	ajax/pagelet/generic.php	MoreStoriesPagelet	200	410463425	49783354	217509362	15	14932183	5
facebook.com	ajax/pagelet/generic.php	MoreStoriesPagelet	200	410467922	49783354	217509362	13	14932183	5
facebook.com	ajax/pagelet/generic.php	MoreStoriesPagelet	200	410476564	49783354	217509362	13	14932183	5
facebook.com	ajax/pagelet/generic.php	MoreStoriesPagelet	200	410476160	49783354	217509362	11	14932183	5
facebook.com	ajax/pagelet/generic.php	MoreStoriesPagelet	200	410474111	49783354	217509362	23	14932183	5
facebook.com	ajax/pagelet/generic.php	MoreStoriesPagelet	200	410415651	49783354	217509362	18	14932183	5
facebook.com	ajax/pagelet/generic.php	MoreStoriesPagelet	200	410476360	49783354	217509362	30	14932183	5
facebook.com	ajax/pagelet/generic.php	MoreStoriesPagelet	200	410405881	49783354	217509362	14	14932183	5
facebook.com	ajax/pagelet/generic.php	MoreStoriesPagelet	200	410472645	49783354	217509362	12	14932183	5
facebook.com	ajax/pagelet/generic.php	MoreStoriesPagelet	200	410418085	49783354	217509362	11	14932183	5
facebook.com	ajax/pagelet/generic.php	MoreStoriesPagelet	200	410476590	49783354	217509362	14	14932183	5
facebook.com	ajax/pagelet/generic.php	MoreStoriesPagelet	200	410405824	49783354	217509362	13	14932183	5
facebook.com	ajax/pagelet/generic.php	MoreStoriesPagelet	200	410476246	49783354	217509362	11	14932183	5
facebook.com	ajax/pagelet/generic.php	MoreStoriesPagelet	200	410476309	49783354	217509362	49	14932183	5
facebook.com	ajax/pagelet/generic.php	ProfileTimelineSectionPagelet	200	410413094	49783354	217509362	20	13704975	5
facebook.com	ajax/pagelet/generic.php	ProfileTimelineSectionPagelet	200	410474196	49783354	217509362	14	13704975	5
facebook.com	ajax/pagelet/generic.php	ProfileTimelineSectionPagelet	200	410453528	49783354	217509362	9	13704975	5
facebook.com	ajax/pagelet/generic.php	ProfileTimelineSectionPagelet	200	410413040	49783354	217509362	11	13704975	5
facebook.com	ajax/pagelet/generic.php	MoreStoriesPagelet	200	410473957	49783354	217509362	8	14932183	5
facebook.com	ajax/pagelet/generic.php	MoreStoriesPagelet	200	410476604	49783354	217509362	17	14932183	5
facebook.com	ajax/pagelet/generic.php	MoreStoriesPagelet	200	410467399	49783354	217509362	6	14932183	5
facebook.com	ajax/pagelet/generic.php	MoreStoriesPagelet	200	410412997	49783354	217509362	18	14932183	5
facebook.com	ajax/pagelet/generic.php	MoreStoriesPagelet	200	410405837	49783354	217509362	11	14932183	5
facebook.com	ajax/pagelet/generic.php	MoreStoriesPagelet	200	410406843	49783354	217509362	31	14932183	5
facebook.com	ajax/pagelet/generic.php	MoreStoriesPagelet	200	410405859	49783354	217509362	22	14932183	5
facebook.com	ajax/pagelet/generic.php	MoreStoriesPagelet	200	410405848	49783354	217509362	11	14932183	5
facebook.com	ajax/pagelet/generic.php	MoreStoriesPagelet	200	410406874	49783354	217509362	33	14932183	5
facebook.com	ajax/pagelet/generic.php	MoreStoriesPagelet	200	410418157	49783354	217509362	25	14932183	5
facebook.com	ajax/pagelet/generic.php	MoreStoriesPagelet	200	410477018	49783354	217509362	9	14932183	5
facebook.com	ajax/pagelet/generic.php	MoreStoriesPagelet	200	410418148	49783354	217509362	5	14932183	5
facebook.com	ajax/pagelet/generic.php	MoreStoriesPagelet	200	410476257	49783354	217509362	22	14932183	5
facebook.com	ajax/pagelet/generic.php	MoreStoriesPagelet	200	410454684	49783354	217509362	16	14932183	5
facebook.com	pioneertrail	/	200	410473992	49783354	217509362	5	15868846	5
facebook.com	pioneertrail	/	200	410475027	49783354	217509362	27	15868846	5
facebook.com	pioneertrail	reward.php	200	410473745	49783354	217509362	17	15868846	5
facebook.com	pioneertrail	/	200	410459342	49783354	217509362	22	15868846	5
facebook.com	pioneertrail	reward.php	200	410473716	49783354	217509362	11	15868846	5
facebook.com	pioneertrail	/	200	410473005	49783354	217509362	18	15868846	5
facebook.com	pioneertrail	reward.php	200	410474952	49783354	217509362	17	15868846	5
facebook.com	pioneertrail	/	200	410418067	49783354	217509362	12	15868846	5
facebook.com	pioneertrail	reward.php	200	410473525	49783354	217509362	17	15868846	5
facebook.com	pioneertrail	reward.php	200	410475425	49783354	217509362	25	15868846	5
facebook.com	pioneertrail	reward.php	200	410476008	49783354	217509362	10	15868846	5
facebook.com	pioneertrail	reward.php	200	410467723	49783354	217509362	16	15868846	5
facebook.com	pioneertrail	reward.php	200	410473606	49783354	217509362	25	15868846	5
facebook.com	pioneertrail	reward.php	200	410459469	49783354	217509362	10	15868846	5
facebook.com	pioneertrail	/	200	410475136	49783354	217509362	44	15868846	5
facebook.com	pioneertrail	reward.php	200	410473439	49783354	217509362	11	15868846	5
facebook.com	pioneertrail	reward.php	200	410467696	49783354	217509362	12	15868846	5
facebook.com	pioneertrail	/	200	410473333	49783354	217509362	25	15868846	5
facebook.com	pioneertrail	/	200	410459314	49783354	217509362	12	15868846	5
facebook.com	pioneertrail	reward.php	200	410475900	49783354	217509362	11	15868846	5
facebook.com	pioneertrail	/	200	410476190	49783354	217509362	8	15868846	5
facebook.com	pioneertrail	reward.php	200	410473286	49783354	217509362	9	15868846	5
facebook.com	pioneertrail	reward.php	200	410467752	49783354	217509362	13	15868846	5
facebook.com	pioneertrail	reward.php	200	410476288	49783354	217509362	20	15868846	5
facebook.com	pioneertrail	reward.php	200	410418182	49783354	217509362	12	15868846	5
facebook.com	pioneertrail	reward.php	200	410459538	49783354	217509362	17	15868846	5
facebook.com	pioneertrail	reward.php	200	410474969	49783354	217509362	9	15868846	5
facebook.com	pioneertrail	reward.php	200	410473106	49783354	217509362	19	15868846	5
facebook.com	pioneertrail	reward.php	200	410474997	49783354	217509362	20	15868846	5
facebook.com	pioneertrail	/	200	410415723	49783354	217509362	120	15868846	5
facebook.com	pioneertrail	reward.php	200	410459521	49783354	217509362	17	15868846	5
facebook.com	pioneertrail	reward.php	200	410473631	49783354	217509362	25	15868846	5
facebook.com	pioneertrail	reward.php	200	410475054	49783354	217509362	20	15868846	5
facebook.com	pioneertrail	reward.php	200	410476308	49783354	217509362	1	15868846	5
facebook.com	pioneertrail	/	200	410474015	49783354	217509362	6	15868846	5
facebook.com	pioneertrail	/	200	410413218	49783354	217509362	120	15868846	5
facebook.com	pioneertrail	reward.php	200	410459326	49783354	217509362	10	15868846	5
facebook.com	pioneertrail	reward.php	200	410459295	49783354	217509362	14	15868846	5
facebook.com	pioneertrail	reward.php	200	410413148	49783354	217509362	51	15868846	5
facebook.com	pioneertrail	reward.php	200	410459583	49783354	217509362	6	15868846	5
facebook.com	pioneertrail	reward.php	200	410475230	49783354	217509362	21	15868846	5
facebook.com	pioneertrail	/	200	410476509	49783354	217509362	38	15868846	5
facebook.com	pioneertrail	/	200	410463457	49783354	217509362	120	15868846	5
facebook.com	pioneertrail	/	200	410474237	49783354	217509362	9	15868846	5
facebook.com	pioneertrail	/	200	410468466	49783354	217509362	60	15868846	5
facebook.com	pioneertrail	reward_link.php	200	410402761	49783354	217509362	3	15868846	5
facebook.com	pioneertrail	reward.php	200	410475121	49783354	217509362	8	15868846	5
facebook.com	pioneertrail	reward.php	200	410473151	49783354	217509362	26	15868846	5
facebook.com	pioneertrail	/	200	410475336	49783354	217509362	12	15868846	5
facebook.com	pioneertrail	reward.php	200	410475958	49783354	217509362	26	15868846	5
facebook.com	pioneertrail	/	200	410475262	49783354	217509362	32	15868846	5
facebook.com	pioneertrail	index.php	200	410467016	49783354	217509362	120	15868846	5
facebook.com	pioneertrail	/	200	410473823	49783354	217509362	25	15868846	5
facebook.com	pioneertrail	reward.php	200	410475608	49783354	217509362	46	15868846	5
facebook.com	pioneertrail	/	200	410459561	49783354	217509362	22	15868846	5
facebook.com	pioneertrail	/	200	410475591	49783354	217509362	17	15868846	5
facebook.com	pioneertrail	reward.php	200	410403109	49783354	217509362	12	15868846	5
facebook.com	pioneertrail	reward.php	200	410475294	49783354	217509362	10	15868846	5
facebook.com	pioneertrail	reward.php	200	410415669	49783354	217509362	45	15868846	5
facebook.com	pioneertrail	reward.php	200	410475756	49783354	217509362	21	15868846	5
facebook.com	pioneertrail	reward.php	200	410459409	49783354	217509362	20	15868846	5
facebook.com	pioneertrail	reward.php	200	410475826	49783354	217509362	25	15868846	5
facebook.com	pioneertrail	/	200	410459622	49783354	217509362	19	15868846	5
facebook.com	pioneertrail	reward.php	200	410476084	49783354	217509362	23	15868846	5
facebook.com	pioneertrail	reward.php	200	410473202	49783354	217509362	23	15868846	5
facebook.com	pioneertrail	reward.php	200	410476824	49783354	217509362	25	15868846	5
facebook.com	pioneertrail	/	200	410473089	49783354	217509362	17	15868846	5
facebook.com	pioneertrail	reward.php	200	410475525	49783354	217509362	24	15868846	5
facebook.com	pioneertrail	reward.php	200	410473037	49783354	217509362	16	15868846	5
facebook.com	pioneertrail	reward.php	200	410475251	49783354	217509362	7	15868846	5
facebook.com	pioneertrail	/	200	410473427	49783354	217509362	12	15868846	5
facebook.com	pioneertrail	reward.php	200	410473806	49783354	217509362	11	15868846	5
facebook.com	pioneertrail	reward.php	200	410467821	49783354	217509362	18	15868846	5
facebook.com	pioneertrail	reward.php	200	410467893	49783354	217509362	19	15868846	5
facebook.com	pioneertrail	reward.php	200	410475690	49783354	217509362	21	15868846	5
facebook.com	pioneertrail	reward.php	200	410476107	49783354	217509362	39	15868846	5
facebook.com	pioneertrail	reward.php	200	410475074	49783354	217509362	10	15868846	5
facebook.com	pioneertrail	reward.php	200	410475180	49783354	217509362	16	15868846	5
facebook.com	pioneertrail	reward.php	200	410476390	49783354	217509362	17	15868846	5
facebook.com	pioneertrail	reward.php	200	410476621	49783354	217509362	13	15868846	5
facebook.com	pioneertrail	reward.php	200	410461733	49783354	217509362	13	15868846	5
facebook.com	pioneertrail	reward.php	200	410473177	49783354	217509362	25	15868846	5
facebook.com	pioneertrail	/	200	410476412	49783354	217509362	97	15868846	5
facebook.com	pioneertrail	reward.php	200	410475711	49783354	217509362	23	15868846	5
facebook.com	pioneertrail	reward.php	200	410475104	49783354	217509362	17	15868846	5
facebook.com	pioneertrail	reward.php	200	410403035	49783354	217509362	28	15868846	5
facebook.com	pioneertrail	reward.php	200	410472931	49783354	217509362	7	15868846	5
facebook.com	pioneertrail	giftaccept.php	200	410473968	49783354	217509362	14	15868846	5
facebook.com	pioneertrail	reward.php	200	410475212	49783354	217509362	18	15868846	5
facebook.com	pioneertrail	reward.php	200	410473125	49783354	217509362	26	15868846	5
facebook.com	pioneertrail	/	200	410473301	49783354	217509362	14	15868846	5
facebook.com	pioneertrail	reward_link.php	200	410467405	49783354	217509362	1	15868846	5
facebook.com	pioneertrail	reward.php	200	410475734	49783354	217509362	22	15868846	5
facebook.com	pioneertrail	reward.php	200	410473414	49783354	217509362	8	15868846	5
facebook.com	pioneertrail	reward.php	200	410409859	49783354	217509362	34	15868846	5
facebook.com	pioneertrail	reward.php	200	410473781	49783354	217509362	25	15868846	5
facebook.com	pioneertrail	reward.php	200	410467672	49783354	217509362	24	15868846	5
facebook.com	pioneertrail	index.php	200	410459747	49783354	217509362	120	15868846	5
facebook.com	pioneertrail	/	200	410476641	49783354	217509362	7	15868846	5
facebook.com	pioneertrail	/	200	410475309	49783354	217509362	12	15868846	5
facebook.com	pioneertrail	reward.php	200	410473508	49783354	217509362	17	15868846	5
facebook.com	pioneertrail	/	200	410459595	49783354	217509362	16	15868846	5
facebook.com	pioneertrail	/	200	410467770	49783354	217509362	10	15868846	5
facebook.com	pioneertrail	reward.php	200	410476873	49783354	217509362	26	15868846	5
facebook.com	pioneertrail	reward.php	200	410405984	49783354	217509362	17	15868846	5
facebook.com	pioneertrail	reward.php	200	410475196	49783354	217509362	16	15868846	5
facebook.com	pioneertrail	reward.php	200	410407005	49783354	217509362	27	15868846	5
facebook.com	pioneertrail	reward.php	200	410475777	49783354	217509362	24	15868846	5
facebook.com	pioneertrail	/	200	410467712	49783354	217509362	11	15868846	5
facebook.com	pioneertrail	reward.php	200	410476209	49783354	217509362	13	15868846	5
facebook.com	pioneertrail	reward.php	200	410472959	49783354	217509362	7	15868846	5
facebook.com	pioneertrail	reward.php	200	410475549	49783354	217509362	25	15868846	5
facebook.com	pioneertrail	gamecard2.php	200	410460788	49783354	217509362	120	15868846	5
facebook.com	pioneertrail	reward.php	200	410417972	49783354	217509362	43	15868846	5
facebook.com	pioneertrail	reward.php	200	410473315	49783354	217509362	13	15868846	5
facebook.com	pioneertrail	reward.php	200	410459393	49783354	217509362	16	15868846	5
facebook.com	pioneertrail	/	200	410472944	49783354	217509362	15	15868846	5
facebook.com	pioneertrail	reward.php	200	410475984	49783354	217509362	24	15868846	5
facebook.com	pioneertrail	reward.php	200	410476046	49783354	217509362	16	15868846	5
facebook.com	pioneertrail	reward.php	200	410474924	49783354	217509362	9	15868846	5
facebook.com	pioneertrail	reward.php	200	410475501	49783354	217509362	24	15868846	5
facebook.com	pioneertrail	/	200	410473966	49783354	217509362	2	15868846	5
facebook.com	pioneertrail	reward.php	200	410475475	49783354	217509362	26	15868846	5
facebook.com	pioneertrail	reward.php	200	410476062	49783354	217509362	22	15868846	5
facebook.com	pioneertrail	/	200	410459486	49783354	217509362	35	15868846	5
facebook.com	pioneertrail	reward.php	200	410473262	49783354	217509362	7	15868846	5
facebook.com	pioneertrail	reward.php	200	410474891	49783354	217509362	10	15868846	5
facebook.com	pioneertrail	reward.php	200	410418050	49783354	217509362	13	15868846	5
facebook.com	pioneertrail	reward.php	200	410475348	49783354	217509362	21	15868846	5
facebook.com	pioneertrail	reward.php	200	410473358	49783354	217509362	17	15868846	5
facebook.com	pioneertrail	reward.php	200	410459429	49783354	217509362	18	15868846	5
facebook.com	pioneertrail	reward.php	200	410406907	49783354	217509362	24	15868846	5
facebook.com	pioneertrail	reward.php	200	410474221	49783354	217509362	10	15868846	5
facebook.com	pioneertrail	reward.php	200	410459641	49783354	217509362	20	15868846	5
facebook.com	pioneertrail	/	200	410474272	49783354	217509362	8	15868846	5
facebook.com	pioneertrail	reward.php	200	410475385	49783354	217509362	18	15868846	5
facebook.com	pioneertrail	reward.php	200	410477027	49783354	217509362	8	15868846	5
facebook.com	pioneertrail	/	200	410418021	49783354	217509362	8	15868846	5
facebook.com	pioneertrail	/	200	410476699	49783354	217509362	10	15868846	5
facebook.com	pioneertrail	reward.php	200	410474255	49783354	217509362	10	15868846	5
facebook.com	pioneertrail	reward.php	200	410467935	49783354	217509362	11	15868846	5
facebook.com	pioneertrail	reward.php	200	410403063	49783354	217509362	23	15868846	5
facebook.com	pioneertrail	/	200	410476967	49783354	217509362	17	15868846	5
facebook.com	pioneertrail	/	200	410475921	49783354	217509362	21	15868846	5
facebook.com	pioneertrail	/	200	410467882	49783354	217509362	11	15868846	5
facebook.com	pioneertrail	/	200	410473390	49783354	217509362	24	15868846	5
facebook.com	pioneertrail	/	200	410476228	49783354	217509362	7	15868846	5
facebook.com	pioneertrail	reward.php	200	410473762	49783354	217509362	19	15868846	5
facebook.com	pioneertrail	reward.php	200	410475403	49783354	217509362	22	15868846	5
facebook.com	pioneertrail	/	200	410477041	49783354	217509362	10	15868846	5
facebook.com	pioneertrail	/	200	410461752	49783354	217509362	120	15868846	5
facebook.com	pioneertrail	reward.php	200	410475668	49783354	217509362	22	15868846	5
facebook.com	pioneertrail	reward.php	200	410473225	49783354	217509362	10	15868846	5
facebook.com	dialog	apprequests	200	410477105	49783354	217509362	4	3531701	5
facebook.com	dialog	apprequests	200	410460502	49783354	217509362	14	3531701	5
facebook.com	dialog	apprequests	200	410456968	49783354	217509362	5	3531701	5
facebook.com	dialog	apprequests	200	410418334	49783354	217509362	4	3531701	5
facebook.com	/	/	200	410418124	49783354	217509362	24	3531701	5
facebook.com	dialog	apprequests	200	410464955	49783354	217509362	21	3531701	5
facebook.com	dialog	apprequests	200	410418300	49783354	217509362	4	3531701	5
facebook.com	dialog	apprequests	200	410418318	49783354	217509362	5	3531701	5
facebook.com	dialog	apprequests	200	410403227	49783354	217509362	4	3531701	5
facebook.com	dialog	apprequests	200	410403194	49783354	217509362	5	3531701	5
facebook.com	dialog	apprequests	200	410464909	49783354	217509362	30	3531701	5
facebook.com	dialog	apprequests	200	410460530	49783354	217509362	6	3531701	5
facebook.com	/	/	200	410476709	49783354	217509362	2	3531701	5
facebook.com	/	/	200	410459014	49783354	217509362	10	3531701	5
facebook.com	dialog	apprequests	200	410456994	49783354	217509362	4	3531701	5
facebook.com	/	/	200	410405960	49783354	217509362	24	3531701	5
facebook.com	dialog	apprequests	200	410477092	49783354	217509362	6	3531701	5
facebook.com	/	/	200	410415566	49783354	217509362	85	3531701	5
facebook.com	dialog	apprequests	200	410403189	49783354	217509362	5	3531701	5
facebook.com	dialog	apprequests	200	410403199	49783354	217509362	4	3531701	5
facebook.com	/	/	200	410474039	49783354	217509362	9	3531701	5
facebook.com	dialog	apprequests	200	410418323	49783354	217509362	5	3531701	5
facebook.com	dialog	apprequests	200	410477138	49783354	217509362	600	3531701	5
facebook.com	dialog	apprequests	200	410456964	49783354	217509362	4	3531701	5
facebook.com	/	/	200	410476648	49783354	217509362	36	3531701	5
facebook.com	dialog	apprequests	200	410460516	49783354	217509362	14	3531701	5
facebook.com	dialog	apprequests	200	410464894	49783354	217509362	15	3531701	5
facebook.com	dialog	apprequests	200	410456982	49783354	217509362	4	3531701	5
facebook.com	dialog	apprequests	200	410460536	49783354	217509362	60	3531701	5
facebook.com	dialog	apprequests	200	410418342	49783354	217509362	600	3531701	5
facebook.com	dialog	apprequests	200	410418309	49783354	217509362	4	3531701	5
facebook.com	dialog	apprequests	200	410403223	49783354	217509362	4	3531701	5
facebook.com	/	reqs.php	200	410474033	49783354	217509362	6	3531701	5
facebook.com	dialog	apprequests	200	410403207	49783354	217509362	4	3531701	5
facebook.com	/	index.php	200	410473911	49783354	217509362	11	3531701	5
facebook.com	/	/	200	410476235	49783354	217509362	6	3531701	5
facebook.com	/	/	200	410473848	49783354	217509362	12	3531701	5
facebook.com	/	/	200	410405780	49783354	217509362	44	3531701	5
facebook.com	dialog	apprequests	200	410464939	49783354	217509362	16	3531701	5
facebook.com	dialog	apprequests	200	410457002	49783354	217509362	600	3531701	5
facebook.com	/	/	200	410472675	49783354	217509362	16	3531701	5
facebook.com	playbuggle	/	200	410403162	49783354	217509362	1	4761456	5
facebook.com	autocollectbonuses	/	200	410405895	49783354	217509362	65	4761456	5
facebook.com	playbuggle	/	200	410418231	49783354	217509362	3	4761456	5
facebook.com	autocollectbonuses	/	200	410474293	49783354	217509362	120	4761456	5
facebook.com	playbuggle	/	200	410456877	49783354	217509362	87	4761456	5
facebook.com	autocollectbonuses	/	200	410467453	49783354	217509362	120	4761456	5
facebook.com	/	/	200	410420022	49783354	217509362	60	3531701	5
facebook.com	dialog	apprequests	200	410464864	49783354	217509362	30	3531701	5
facebook.com	dialog	apprequests	200	410418338	49783354	217509362	4	3531701	5
facebook.com	/	/	200	410456191	49783354	217509362	120	3531701	5
facebook.com	/	/	200	410417811	49783354	217509362	120	3531701	5
facebook.com	ajax/home	generic.php	200	410476241	49783354	217509362	5	4408844	5
facebook.com	ajax/pagelet/generic.php	ProfileTimelineRemainingYearsPagelet	200	410454351	49783354	217509362	36	4408844	5
facebook.com	/	/	200	410409690	49783354	217509362	93	3531701	5
facebook.com	dialog	apprequests	200	410477130	49783354	217509362	4	3531701	5
facebook.com	dialog	apprequests	200	410464976	49783354	217509362	44	3531701	5
facebook.com	dialog	apprequests	200	410477118	49783354	217509362	4	3531701	5
facebook.com	dialog	apprequests	200	410418328	49783354	217509362	6	3531701	5
facebook.com	dialog	apprequests	200	410403203	49783354	217509362	4	3531701	5
facebook.com	/	/	200	410406994	49783354	217509362	11	3531701	5
facebook.com	/	/	200	410418079	49783354	217509362	6	3531701	5
facebook.com	dialog	apprequests	200	410418289	49783354	217509362	6	3531701	5
facebook.com	dialog	apprequests	200	410477134	49783354	217509362	4	3531701	5
facebook.com	dialog	apprequests	200	410456973	49783354	217509362	4	3531701	5
facebook.com	/	/	200	410474280	49783354	217509362	6	3531701	5
facebook.com	/	/	200	410459682	49783354	217509362	35	3531701	5
facebook.com	/	/	200	410478963	49783354	217509362	31	3531701	5
facebook.com	/	reqs.php	200	410473982	49783354	217509362	10	3531701	5
facebook.com	/	/	200	410473948	49783354	217509362	9	3531701	5
facebook.com	dialog	apprequests	200	410418304	49783354	217509362	5	3531701	5
facebook.com	/	/	200	410476547	49783354	217509362	17	3531701	5
facebook.com	dialog	apprequests	200	410403211	49783354	217509362	4	3531701	5
facebook.com	dialog	apprequests	200	410460498	49783354	217509362	4	3531701	5
facebook.com	dialog	apprequests	200	410403236	49783354	217509362	600	3531701	5
facebook.com	/	/	200	410476198	49783354	217509362	11	3531701	5
facebook.com	dialog	apprequests	200	410456977	49783354	217509362	5	3531701	5
facebook.com	dialog	apprequests	200	410406088	49783354	217509362	120	3531701	5
facebook.com	dialog	apprequests	200	410403219	49783354	217509362	4	3531701	5
facebook.com	dialog	apprequests	200	410477126	49783354	217509362	4	3531701	5
facebook.com	dialog	apprequests	200	410465020	49783354	217509362	120	3531701	5
facebook.com	/	/	200	410476146	49783354	217509362	14	3531701	5
facebook.com	dialog	apprequests	200	410403231	49783354	217509362	5	3531701	5
facebook.com	dialog	apprequests	200	410477109	49783354	217509362	4	3531701	5
facebook.com	dialog	apprequests	200	410477113	49783354	217509362	5	3531701	5
facebook.com	/	/	200	410403153	49783354	217509362	9	3531701	5
facebook.com	search	results.php	200	410454279	49783354	217509362	29	3531701	5
facebook.com	/	index.php	200	410474134	49783354	217509362	16	3531701	5
facebook.com	dialog	apprequests	200	410477085	49783354	217509362	7	3531701	5
facebook.com	/	/	200	410468440	49783354	217509362	16	3531701	5
facebook.com	/	/	200	410418214	49783354	217509362	17	3531701	5
facebook.com	dialog	apprequests	200	410477122	49783354	217509362	4	3531701	5
facebook.com	dialog	apprequests	200	410418313	49783354	217509362	5	3531701	5
facebook.com	dialog	apprequests	200	410403185	49783354	217509362	4	3531701	5
facebook.com	dialog	apprequests	200	410464829	49783354	217509362	35	3531701	5
facebook.com	/	/	200	410477051	49783354	217509362	4	3531701	5
facebook.com	dialog	apprequests	200	410403215	49783354	217509362	4	3531701	5
facebook.com	dialog	apprequests	200	410456986	49783354	217509362	4	3531701	5
facebook.com	dialog	apprequests	200	410418295	49783354	217509362	5	3531701	5
facebook.com	dialog	apprequests	200	410477098	49783354	217509362	7	3531701	5
facebook.com	dialog	apprequests	200	410456998	49783354	217509362	4	3531701	5
facebook.com	/	/	200	410476984	49783354	217509362	34	3531701	5
facebook.com	dialog	apprequests	200	410456990	49783354	217509362	4	3531701	5
facebook.com	/	/	200	410467912	49783354	217509362	10	3531701	5
facebook.com	/	/	200	410474246	49783354	217509362	9	3531701	5
facebook.com	/	reqs.php	200	410474007	49783354	217509362	8	3531701	5
facebook.com	/	/	200	410418029	49783354	217509362	21	3531701	5
facebook.com	autocollectbonuses	/	200	410402847	49783354	217509362	3	4761456	5
facebook.com	autocollectbonuses	/	200	410459029	49783354	217509362	120	4761456	5
facebook.com	autocollectbonuses	/	200	410476714	49783354	217509362	85	4761456	5
facebook.com	/	amanda.tanksleythomas	200	410473883	49783354	217509362	7	5713857	5
facebook.com	/	/	200	410454635	49783354	217509362	49	5713857	5
facebook.com	/	/	200	410474210	49783354	217509362	11	5713857	5
facebook.com	/	/	200	410412986	49783354	217509362	11	5713857	5
facebook.com	/	/	200	410473909	49783354	217509362	2	5713857	5
facebook.com	/	/	200	410454402	49783354	217509362	45	5713857	5
facebook.com	/	sasysusan	200	410474093	49783354	217509362	4	5713857	5
facebook.com	/	/	302	410453302	49783354	217509362	21	6056310	3
facebook.com	/	/	302	410402828	49783354	217509362	8	6056310	3
facebook.com	/	/	200	410472636	49783354	217509362	9	6056310	5
facebook.com	/	/	200	410474150	49783354	217509362	41	6056310	5
facebook.com	/	/	302	410472628	49783354	217509362	8	6056310	3
facebook.com	/	/	200	410473922	49783354	217509362	15	6056310	5
facebook.com	/	/	200	410453323	49783354	217509362	86	6056310	5
facebook.com	/	/	200	410461690	49783354	217509362	43	6056310	5
facebook.com	/	/	302	410467363	49783354	217509362	7	6056310	3
facebook.com	/	/	200	410406475	49783354	217509362	120	6056310	5
facebook.com	/	/	200	410406771	49783354	217509362	72	6056310	5
facebook.com	/	cmcarlton1086	200	410474048	49783354	217509362	4	5713857	5
facebook.com	/	amanda.tanksleythomas	200	410413015	49783354	217509362	7	5713857	5
facebook.com	/	/	200	410474079	49783354	217509362	6	5713857	5
facebook.com	/	cmcarlton1086	200	410474085	49783354	217509362	8	5713857	5
facebook.com	/	/	200	410413114	49783354	217509362	34	5713857	5
facebook.com	/	/	200	410479006	49783354	217509362	11	5713857	5
facebook.com	/	/	200	410474103	49783354	217509362	8	5713857	5
facebook.com	/	kelly.i.steere	200	410474073	49783354	217509362	6	5713857	5
facebook.com	/	/	302	410406464	49783354	217509362	11	6056310	3
facebook.com	/	/	200	410412767	49783354	217509362	120	6056310	5
facebook.com	/	/	302	410461683	49783354	217509362	7	6056310	3
facebook.com	/	cmcarlton1086	200	410412948	49783354	217509362	17	8222324	5
facebook.com	/	judy.davis.7773631	200	410453523	49783354	217509362	5	8222324	5
facebook.com	judy.davis.7773631	photos_stream	200	410453537	49783354	217509362	8	8222324	5
facebook.com	/	richard.watts.526	200	410474191	49783354	217509362	5	8222324	5
facebook.com	/	betty.berry.52	200	410454330	49783354	217509362	9	8222324	5
facebook.com	/	judy.davis.355	200	410453863	49783354	217509362	120	8222324	5
facebook.com	/	judy.davis.7773631	200	410453545	49783354	217509362	47	8222324	5
facebook.com	/	jeff.aldrich.33	200	410478994	49783354	217509362	2	8222324	5
facebook.com	betty.berry.52	map	200	410454387	49783354	217509362	15	8222324	5
facebook.com	/	/	200	410456823	49783354	217509362	51	6056310	5
facebook.com	/	/	302	410463406	49783354	217509362	9	6056310	3
facebook.com	/	/	200	410467370	49783354	217509362	29	6056310	5
facebook.com	/	/	200	410463415	49783354	217509362	10	6056310	5
facebook.com	/	/	200	410402836	49783354	217509362	11	6056310	5
facebook.com	search	results.php	200	410453992	49783354	217509362	163	8222317	5
facebook.com	search	results.php	200	410454155	49783354	217509362	120	8222317	5
facebook.com	search	results.php	200	410453592	49783354	217509362	120	8222317	5
facebook.com	search	results.php	200	410454447	49783354	217509362	41	8222317	5
facebook.com	search	results.php	200	410453409	49783354	217509362	89	8222317	5
facebook.com	search	results.php	200	410454488	49783354	217509362	28	8222317	5
facebook.com	search	results.php	200	410453498	49783354	217509362	25	8222317	5
facebook.com	search	results.php	200	410454308	49783354	217509362	22	8222317	5
facebook.com	playbuggle	/	200	410477060	49783354	217509362	25	4761456	5
facebook.com	autocollectbonuses	/	200	410472695	49783354	217509362	120	4761456	5
facebook.com	ajax/pagelet/generic.php	ProfileTimelineSectionPagelet	200	410416805	77905778	217537898	29	13704975	5
facebook.com	ajax/pagelet/generic.php	ProfileTimelineSectionPagelet	200	410417074	77905778	217537898	145	13704975	5
facebook.com	ajax/pagelet/generic.php	ProfileTimelineSectionPagelet	200	410417620	77905778	217537898	26	13704975	5
facebook.com	ajax/pagelet/generic.php	ProfileTimelineSectionPagelet	200	410416850	77905778	217537898	3	13704975	5
facebook.com	ajax/pagelet/generic.php	ProfileTimelineSectionPagelet	200	410417806	77905778	217537898	9	13704975	5
facebook.com	ajax/pagelet/generic.php	ProfileTimelineSectionPagelet	200	410417228	77905778	217537898	14	13704975	5
facebook.com	ajax/pagelet/generic.php	ProfileTimelineSectionPagelet	200	410417413	77905778	217537898	9	13704975	5
facebook.com	ajax/pagelet/generic.php	ProfileTimelineSectionPagelet	200	410417014	77905778	217537898	6	13704975	5
facebook.com	ajax/pagelet/generic.php	ProfileTimelineSectionPagelet	200	410417525	77905778	217537898	18	13704975	5
facebook.com	/	login.php	302	410415916	77905778	217537898	0	8994903	3
facebook.com	/	login.php	200	410415900	77905778	217537898	2	8994903	5
facebook.com	/	login.php	302	410415899	77905778	217537898	1	8994903	3
facebook.com	ajax/pagelet/generic.php	ProfileTimelineSectionPagelet	200	410416101	77905778	217537898	24	13704975	5
facebook.com	ajax/pagelet/generic.php	ProfileTimelineSectionPagelet	200	410416125	77905778	217537898	21	13704975	5
facebook.com	ajax/pagelet/generic.php	ProfileTimelineSectionPagelet	200	410417646	77905778	217537898	7	13704975	5
facebook.com	ajax/pagelet/generic.php	ProfileTimelineSectionPagelet	200	410415990	77905778	217537898	5	13704975	5
facebook.com	ajax/pagelet/generic.php	ProfileTimelineSectionPagelet	200	410416461	77905778	217537898	6	13704975	5
facebook.com	ajax/pagelet/generic.php	ProfileTimelineSectionPagelet	200	410416439	77905778	217537898	22	13704975	5
facebook.com	ajax/pagelet/generic.php	ProfileTimelineSectionPagelet	200	410416403	77905778	217537898	9	13704975	5
facebook.com	ajax/pagelet/generic.php	ProfileTimelineSectionPagelet	200	410415965	77905778	217537898	22	13704975	5
facebook.com	ajax/pagelet/generic.php	ProfileTimelineSectionPagelet	200	410417615	77905778	217537898	5	13704975	5
facebook.com	ajax/pagelet/generic.php	ProfileTimelineSectionPagelet	200	410417604	77905778	217537898	11	13704975	5
facebook.com	ajax/pagelet/generic.php	ProfileTimelineSectionPagelet	200	410416488	77905778	217537898	111	13704975	5
facebook.com	ajax/pagelet/generic.php	ProfileTimelineSectionPagelet	200	410417591	77905778	217537898	13	13704975	5
facebook.com	ajax/pagelet/generic.php	MoreStoriesPagelet	200	410418095	77905778	217537898	64	14932183	5
facebook.com	ajax/pagelet/generic.php	MoreStoriesPagelet	200	410418159	77905778	217537898	23	14932183	5
facebook.com	ajax/pagelet/generic.php	ProfileTimelineSectionPagelet	200	410416872	77905778	217537898	6	13704975	5
facebook.com	ajax/pagelet/generic.php	ProfileTimelineSectionPagelet	200	410416467	77905778	217537898	8	13704975	5
facebook.com	ajax/pagelet/generic.php	ProfileTimelineSectionPagelet	200	410416931	77905778	217537898	43	13704975	5
facebook.com	ajax/pagelet/generic.php	ProfileTimelineSectionPagelet	200	410416412	77905778	217537898	20	13704975	5
facebook.com	ajax/pagelet/generic.php	ProfileTimelineSectionPagelet	200	410416432	77905778	217537898	7	13704975	5
facebook.com	ajax/pagelet/generic.php	ProfileTimelineSectionPagelet	200	410416088	77905778	217537898	13	13704975	5
facebook.com	ajax/pagelet/generic.php	ProfileTimelineSectionPagelet	200	410416146	77905778	217537898	21	13704975	5
facebook.com	ajax/pagelet/generic.php	ProfileTimelineSectionPagelet	200	410417543	77905778	217537898	4	13704975	5
facebook.com	ajax/pagelet/generic.php	ProfileTimelineSectionPagelet	200	410416646	77905778	217537898	115	13704975	5
facebook.com	ajax/pagelet/generic.php	ProfileTimelineSectionPagelet	200	410417219	77905778	217537898	9	13704975	5
facebook.com	ajax/pagelet/generic.php	ProfileTimelineSectionPagelet	200	410416475	77905778	217537898	13	13704975	5
facebook.com	ajax/pagelet/generic.php	ProfileTimelineSectionPagelet	200	410416009	77905778	217537898	79	13704975	5
facebook.com	ajax/pagelet/generic.php	ProfileTimelineSectionPagelet	200	410417653	77905778	217537898	16	13704975	5
facebook.com	ajax/pagelet/generic.php	ProfileTimelineSectionPagelet	200	410416210	77905778	217537898	120	13704975	5
facebook.com	ajax/pagelet/generic.php	ProfileTimelineSectionPagelet	200	410417242	77905778	217537898	36	13704975	5
facebook.com	/	login.php	200	410415917	77905778	217537898	1	8994903	5
facebook.com	/	daisy.araujojasso	200	410415951	77905778	217537898	14	8222324	5
facebook.com	ajax/pagelet/generic.php	PhotoViewerPagelet	200	410417849	77905778	217537898	100	3927365	5
facebook.com	ajax/pagelet/generic.php	PhotoViewerInitPagelet	200	410417949	77905778	217537898	4	3927365	5
facebook.com	ajax/pagelet/generic.php	PhotoViewerPagelet	200	410417835	77905778	217537898	14	3927365	5
facebook.com	ajax/pagelet/generic.php	PhotoViewerInitPagelet	200	410418002	77905778	217537898	63	3927365	5
facebook.com	ajax/pagelet/generic.php	PhotoViewerPagelet	200	410417436	77905778	217537898	13	3927365	5
facebook.com	ajax/pagelet/generic.php	PhotoViewerPagelet	200	410417825	77905778	217537898	10	3927365	5
facebook.com	ajax/pagelet/generic.php	ProfileTimelineRemainingYearsPagelet	200	410417020	77905778	217537898	16	4408844	5
facebook.com	ajax/pagelet/generic.php	ProfileTimelineRemainingYearsPagelet	200	410417278	77905778	217537898	119	4408844	5
facebook.com	/	angelica.araujo.39566	200	410416000	77905778	217537898	4	5713857	5
facebook.com	neviduziel.sevillacorredor	friends	200	410417397	77905778	217537898	10	5713857	5
facebook.com	ajax/pagelet/generic.php	PhotoViewerInitPagelet	200	410417547	77905778	217537898	44	3927365	5
facebook.com	ajax/pagelet/generic.php	PhotoViewerInitPagelet	200	410417422	77905778	217537898	14	3927365	5
facebook.com	ajax/pagelet/generic.php	PhotoViewerInitPagelet	200	410417815	77905778	217537898	10	3927365	5
facebook.com	/	index.php	200	410418182	77905778	217537898	60	3531701	5
facebook.com	/	cristina.mata.184	200	410416599	77905778	217537898	11	3531701	5
facebook.com	/	mobileprotection	302	410415898	77905778	217537898	1	3531701	3
facebook.com	/	roberto.araujo.581	200	410416867	77905778	217537898	5	3531701	5
facebook.com	/	lionel.e.mata	200	410416610	77905778	217537898	2	3531701	5
facebook.com	/	mobileprotection	302	410415916	77905778	217537898	1	3531701	3
facebook.com	daisy.araujojasso	friends	200	410417764	77905778	217537898	21	3531701	5
facebook.com	/	mobileprotection	200	410415925	77905778	217537898	26	3531701	5
facebook.com	daisy.araujojasso	friends	200	410416878	77905778	217537898	47	3531701	5
facebook.com	ajax/pagelet/generic.php	PhotoViewerPagelet	200	410417449	77905778	217537898	37	3927365	5
facebook.com	ajax/pagelet/generic.php	PhotoViewerInitPagelet	200	410417669	77905778	217537898	95	3927365	5
facebook.com	ajax/pagelet/generic.php	PhotoViewerInitPagelet	200	410417953	77905778	217537898	49	3927365	5
facebook.com	/	alma.bogarin.7	200	410416801	77905778	217537898	4	5713857	5
facebook.com	daisy.araujojasso	friends	200	410416853	77905778	217537898	14	5713857	5
facebook.com	/	/	200	410418065	77905778	217537898	30	5713857	5
facebook.com	/	neviduziel.sevillacorredor	200	410417007	77905778	217537898	7	5713857	5
facebook.com	media/set	/	200	410416845	77905778	217537898	5	5713857	5
facebook.com	/	amy.n.reyes.1	200	410417785	77905778	217537898	21	5713857	5
facebook.com	daisy.araujojasso	friends	200	410416356	77905778	217537898	27	5713857	5
facebook.com	daisy.araujojasso	friends	200	410417486	77905778	217537898	19	5713857	5
facebook.com	media/set	/	200	410416840	77905778	217537898	5	5713857	5
facebook.com	/	/	200	410415903	77905778	217537898	13	6056310	5
facebook.com	/	/	200	410415919	77905778	217537898	6	6056310	5
facebook.com	/	/	302	410415902	77905778	217537898	1	6056310	3
facebook.com	/	/	302	410415918	77905778	217537898	1	6056310	3
facebook.com	/	daisy.araujojasso	200	410416004	77905778	217537898	5	8222324	5
facebook.com	neviduziel.sevillacorredor	friends	200	410417036	77905778	217537898	34	5713857	5
facebook.com	daisy.araujojasso	friends	200	410416167	77905778	217537898	22	5713857	5
facebook.com	angelica.araujo.39566	friends	200	410415995	77905778	217537898	5	5713857	5
facebook.com	/	jess.reyes.942	200	410416925	77905778	217537898	6	5713857	5
facebook.com	/	angelica.araujo.39566	200	410415987	77905778	217537898	3	5713857	5
facebook.com	/	irvinsevilla.dance	200	410417505	77905778	217537898	20	5713857	5
facebook.com	/	lionel.e.mata	200	410416383	77905778	217537898	20	5713857	5
facebook.com	daisy.araujojasso	friends	200	410416974	77905778	217537898	33	5713857	5
facebook.com	/	luis.araujo.16568548	200	410416189	77905778	217537898	21	5713857	5
facebook.com	/	gabrielfolguin	200	410417070	77905778	217537898	4	5713857	5
facebook.com	daisy.araujojasso	friends	200	410416761	77905778	217537898	40	5713857	5
facebook.com	/	neviduziel.sevillacorredor	200	410417407	77905778	217537898	6	5713857	5
facebook.com	media/set	/	200	410416834	77905778	217537898	6	5713857	5
facebook.com	/	adriana.gallardo.9	200	410416634	77905778	217537898	12	5713857	5
facebook.com	daisy.araujojasso	friends	200	410416612	77905778	217537898	22	5713857	5
facebook.com	/	/	302	410483315	78167107	219666218	60	3531701	3
amazon.com	/	/	200	410485742	78167107	219666218	35	6048290	3
amazon.com	Audio-Cable-Adapter-XBOX-360-Slim/dp	B002P35JMO	200	410485799	78167107	219666218	13	671065	3
amazon.com	gp/cart	view.html	200	410486036	78167107	219666218	104	671065	3
amazon.com	gp/cart	view-upsell.html?ie=UTF8&HUCT=1&newItems=C30MAS1ADUIMJ,1	200	410485872	78167107	219666218	16	671065	3
amazon.com	gp	item-dispatch	200	410485852	78167107	219666218	13	671065	3
amazon.com	/	s	200	410485777	78167107	219666218	22	671065	3
amazon.com	gp/offer-listing	B002P35JMO	200	410485996	78167107	219666218	12	671065	3
amazon.com	gp/offer-listing	B002P35JMO	200	410486008	78167107	219666218	28	671065	3
amazon.com	gp	item-dispatch	302	410485865	78167107	219666218	7	671065	3
amazon.com	gp/css/account/cards	view.html	302	410477419	78167107	219666218	60	671065	3
amazon.com	gp/cart	view.html	200	410485888	78167107	219666218	108	671065	3
amazon.com	gp/offer-listing	B002P35JMO	200	410485812	78167107	219666218	40	671065	3
amazon.com	/	/	200	410477350	78167107	219666218	69	671065	3
amazon.com	/	/	200	410477343	78167107	219666218	7	671065	3
facebook.com	/	index.php	200	410469078	79814865	220529090	14	3531701	5
facebook.com	playslingo	/	200	410467458	79814865	220529090	2	15868830	5
facebook.com	playslingo	index.php	200	410467521	79814865	220529090	34	15868830	5
facebook.com	wordswithfriends	/	200	410466726	79814865	220529090	3	15138170	5
facebook.com	ajax/pagelet/generic.php	MoreStoriesPagelet	200	410467292	79814865	220529090	120	14932183	5
facebook.com	ajax/pagelet/generic.php	ProfileTimelineSectionPagelet	200	410465858	79814865	220529090	15	13704975	5
facebook.com	ajax/pagelet/generic.php	ProfileTimelineSectionPagelet	200	410467555	79814865	220529090	76	13704975	5
facebook.com	/	login.php	200	410469093	79814865	220529090	9	12438930	5
facebook.com	/	login.php	302	410469092	79814865	220529090	1	12438930	3
facebook.com	/	home.php	200	410466026	79814865	220529090	120	8045108	5
facebook.com	/	home.php	302	410466011	79814865	220529090	15	8045108	3
facebook.com	bejeweledblitz	/	200	410469828	79814865	220529090	120	4761456	5
facebook.com	mj-three-towers	/	200	410468154	79814865	220529090	120	4761456	5
facebook.com	ajax/pagelet/generic.php	PhotoViewerPagelet	200	410470676	79814865	220529090	82	3927365	5
facebook.com	ajax/pagelet/generic.php	PhotoViewerInitPagelet	200	410466994	79814865	220529090	266	3927365	5
facebook.com	ajax/pagelet/generic.php	PhotoViewerInitPagelet	200	410470635	79814865	220529090	41	3927365	5
facebook.com	ajax/pagelet/generic.php	PhotoViewerPagelet	200	410467260	79814865	220529090	32	3927365	5
facebook.com	mildred.pettithoughtlin/posts	4085627431153	200	410468891	79814865	220529090	27	3531701	5
facebook.com	dialog	apprequests	200	410466907	79814865	220529090	43	3531701	5
facebook.com	/	/	200	410466959	79814865	220529090	35	3531701	5
facebook.com	breelife/posts	4666266288629	200	410466950	79814865	220529090	9	3531701	5
facebook.com	dialog	apprequests	200	410468860	79814865	220529090	17	3531701	5
facebook.com	dialog	apprequests	200	410470012	79814865	220529090	583	3531701	5
facebook.com	/	breelife	200	410465852	79814865	220529090	6	3531701	5
facebook.com	dialog	apprequests	200	410468857	79814865	220529090	3	3531701	5
facebook.com	/	/	200	410467711	79814865	220529090	55	3531701	5
facebook.com	mildred.pettithoughtlin/posts	4085627431153	200	410466847	79814865	220529090	60	3531701	5
facebook.com	/	/	200	410469102	79814865	220529090	120	3531701	5
facebook.com	dialog	apprequests	200	410470011	79814865	220529090	1	3531701	5
facebook.com	dialog	apprequests	200	410467631	79814865	220529090	80	3531701	5
facebook.com	/	/	200	410468975	79814865	220529090	7	3531701	5
facebook.com	/	/	200	410470595	79814865	220529090	40	3531701	5
facebook.com	ajax/typeahead	record_basic_metrics.php	200	410465873	79814865	220529090	60	4408844	5
facebook.com	ajax	updatestatus.php	200	410465978	79814865	220529090	33	4408844	5
facebook.com	dialog	apprequests	200	410423793	80650267	221536850	4	3531701	5
facebook.com	/	/	200	410423198	80650267	221536850	120	6056310	5
facebook.com	/	/	200	410406779	80650267	221536850	120	6056310	5
facebook.com	/	/	200	410467861	80650267	221536850	120	6056310	5
facebook.com	/	/	200	410424091	80650267	221536850	69	6056310	5
facebook.com	/	/	200	410411000	80650267	221536850	600	6056310	5
facebook.com	ajax/pagelet/generic.php	MoreStoriesPagelet	200	410424160	80650267	221536850	60	14932183	5
facebook.com	ajax/pagelet/generic.php	MoreStoriesPagelet	200	410468059	80650267	221536850	60	14932183	5
facebook.com	/	/	200	410423824	80650267	221536850	105	6056310	5
facebook.com	/	/	200	410406607	80650267	221536850	172	6056310	5
facebook.com	/	/	200	410410027	80650267	221536850	113	6056310	5
facebook.com	dialog	apprequests	200	410424063	80650267	221536850	5	3531701	5
facebook.com	dialog	apprequests	200	410424068	80650267	221536850	23	3531701	5
facebook.com	dialog	apprequests	200	410423797	80650267	221536850	27	3531701	5
facebook.com	dialog	apprequests	200	410423785	80650267	221536850	8	3531701	5
facebook.com	playtpirslots	/	200	410467498	80650267	221536850	14	4761456	5
facebook.com	candycrush	/	200	410410406	80650267	221536850	18	4761456	5
facebook.com	playtpirslots	rewardable_link	200	410467442	80650267	221536850	56	4761456	5
facebook.com	playtpirslots	/	200	410423933	80650267	221536850	120	4761456	5
facebook.com	playtpirslots	/	200	410466945	80650267	221536850	81	4761456	5
facebook.com	/	/	200	410466728	80650267	221536850	79	6056310	5
facebook.com	playtpirslots	rewardable_link	200	410467608	80650267	221536850	7	4761456	5
facebook.com	playtpirslots	/	200	410467662	80650267	221536850	120	4761456	5
facebook.com	playtpirslots	/	200	410423635	80650267	221536850	1	4761456	5
facebook.com	playtpirslots	rewardable_link	200	410467294	80650267	221536850	120	4761456	5
facebook.com	playtpirslots	/	200	410408472	80650267	221536850	29	4761456	5
facebook.com	candycrush	/	200	410410333	80650267	221536850	73	4761456	5
facebook.com	playtpirslots	rewardable_link	200	410466912	80650267	221536850	14	4761456	5
facebook.com	playtpirslots	/	200	410466818	80650267	221536850	89	4761456	5
facebook.com	ajax/pagelet/generic.php	ProfileTimelineSectionPagelet	200	410408612	83276563	230197514	60	13704975	5
facebook.com	/	/	200	410408535	83276563	230197514	26	6056310	5
facebook.com	ajax/home	generic.php	200	410408561	83276563	230197514	33	4408844	5
facebook.com	/	christopher.ebert.395	200	410408594	83276563	230197514	18	3531701	5
barnesandnoble.com	/	library.html	302	410472248	84552619	231546698	2	670981	5
facebook.com	ajax/pagelet/generic.php	MoreStoriesPagelet	200	410408812	84552619	231546698	17	14932183	5
facebook.com	ajax/pagelet/generic.php	MoreStoriesPagelet	200	410465658	84552619	231546698	65	14932183	5
facebook.com	ajax/pagelet/generic.php	MoreStoriesPagelet	200	410465598	84552619	231546698	60	14932183	5
facebook.com	ajax/pagelet/generic.php	MoreStoriesPagelet	200	410424919	84552619	231546698	41	14932183	5
facebook.com	ajax/pagelet/generic.php	MoreStoriesPagelet	200	410408678	84552619	231546698	21	14932183	5
facebook.com	ajax/pagelet/generic.php	MoreStoriesPagelet	200	410424868	84552619	231546698	51	14932183	5
pinterest.com	/	/	200	410472265	84552619	231546698	119	9768885	3
facebook.com	ajax/pagelet/generic.php	MoreStoriesPagelet	200	410425118	84552619	231546698	9	14932183	5
facebook.com	ajax/pagelet/generic.php	MoreStoriesPagelet	200	410408650	84552619	231546698	28	14932183	5
facebook.com	ajax/pagelet/generic.php	MoreStoriesPagelet	200	410472121	84552619	231546698	16	14932183	5
facebook.com	ajax/pagelet/generic.php	MoreStoriesPagelet	200	410408770	84552619	231546698	42	14932183	5
facebook.com	ajax/pagelet/generic.php	MoreStoriesPagelet	200	410465723	84552619	231546698	34	14932183	5
facebook.com	ajax/pagelet/generic.php	MoreStoriesPagelet	200	410472014	84552619	231546698	74	14932183	5
facebook.com	ajax/pagelet/generic.php	MoreStoriesPagelet	200	410425073	84552619	231546698	45	14932183	5
facebook.com	ajax/pagelet/generic.php	MoreStoriesPagelet	200	410424960	84552619	231546698	49	14932183	5
facebook.com	ajax/pagelet/generic.php	MoreStoriesPagelet	200	410425009	84552619	231546698	64	14932183	5
facebook.com	ajax/pagelet/generic.php	MoreStoriesPagelet	200	410408741	84552619	231546698	29	14932183	5
twitter.com	/	/	200	410466082	84552619	231546698	27	4272659	5
facebook.com	ajax/pagelet/generic.php	ViewSharesPagelet	200	410472137	84552619	231546698	17	4408844	5
facebook.com	ajax/home	generic.php	200	410425127	84552619	231546698	20	4408844	5
facebook.com	/	/	200	410465566	84552619	231546698	32	6056310	5
facebook.com	jolene.patterson.14/posts	10151994021996777	200	410472088	84552619	231546698	9	5713857	5
facebook.com	/	/	200	410472097	84552619	231546698	24	5713857	5
facebook.com	ajax/home	generic.php	200	410408829	84552619	231546698	120	4408844	5
facebook.com	ajax/home	generic.php	200	410465757	84552619	231546698	116	4408844	5
barnesandnoble.com	w/star-wars-timothy-zahn	1111326435	200	410466026	84552619	231546698	25	670981	3
barnesandnoble.com	/	index.html	302	410472248	84552619	231546698	0	670981	3
barnesandnoble.com	/	index.html	200	410472250	84552619	231546698	15	670981	5
youtube.com	/	/	200	410418858	86050203	233795546	74	6174440	3
youtube.com	/	watch	200	410420165	86050203	233795546	317	3718815	3
youtube.com	/	results	200	410418932	86050203	233795546	57	3718815	3
youtube.com	/	watch	200	410419331	86050203	233795546	280	3718815	3
youtube.com	/	watch	200	410420482	86050203	233795546	60	3718815	3
youtube.com	/	watch	200	410419611	86050203	233795546	252	3718815	3
youtube.com	/	watch	200	410418989	86050203	233795546	342	3718815	3
youtube.com	/	watch	200	410419863	86050203	233795546	302	3718815	3
facebook.com	/	kim.heintz.5	200	410420204	86058947	234608474	120	8222324	3
facebook.com	/	hannah.peterie	200	410420526	86058947	234608474	11	8222324	3
facebook.com	/	crystal.peterie	200	410420562	86058947	234608474	70	8222324	3
facebook.com	/	carolyn.peterie	200	410412861	86058947	234608474	41	8222324	3
facebook.com	search	results.php	200	410420367	86058947	234608474	26	8222317	3
facebook.com	/	profile.php	200	410420403	86058947	234608474	4	8194001	3
facebook.com	/	/	200	410420510	86058947	234608474	16	6056310	3
facebook.com	/	/	200	410420502	86058947	234608474	8	6056310	3
facebook.com	/	/	200	410410974	86058947	234608474	56	6056310	3
facebook.com	ajax/pagelet/generic.php	ProfileTimelineSectionPagelet	200	410420339	86058947	234608474	12	13704975	3
facebook.com	ajax/pagelet/generic.php	ProfileTimelineSectionPagelet	200	410420426	86058947	234608474	76	13704975	3
facebook.com	ajax/pagelet/generic.php	ProfileTimelineSectionPagelet	200	410420537	86058947	234608474	8	13704975	3
facebook.com	ajax/pagelet/generic.php	MoreStoriesPagelet	200	410411664	86058947	234608474	57	14932183	3
facebook.com	ajax/pagelet/generic.php	MoreStoriesPagelet	200	410411518	86058947	234608474	63	14932183	3
facebook.com	ajax/pagelet/generic.php	MoreStoriesPagelet	200	410411721	86058947	234608474	24	14932183	3
facebook.com	ajax/pagelet/generic.php	MoreStoriesPagelet	200	410411581	86058947	234608474	83	14932183	3
facebook.com	ajax/pagelet/generic.php	MoreStoriesPagelet	200	410411745	86058947	234608474	120	14932183	3
facebook.com	ajax/pagelet/generic.php	MoreStoriesPagelet	200	410411072	86058947	234608474	144	14932183	3
facebook.com	ajax/pagelet/generic.php	MoreStoriesPagelet	200	410411216	86058947	234608474	302	14932183	3
facebook.com	/	/	200	410420009	86058947	234608474	5	6056310	5
facebook.com	/	/	200	410420183	86058947	234608474	11	6056310	3
facebook.com	/	/	302	410419982	86058947	234608474	24	3531701	3
facebook.com	/	profile.php	200	410420417	86058947	234608474	9	3531701	3
facebook.com	/	profile.php	200	410420407	86058947	234608474	10	3531701	3
facebook.com	/	notifications	200	410420083	86058947	234608474	32	3531701	3
facebook.com	/	/	302	410410932	86058947	234608474	42	3531701	3
facebook.com	/	/	302	410410932	86058947	234608474	0	3531701	3
facebook.com	/	/	200	410420545	86058947	234608474	17	5713857	3
facebook.com	/	/	200	410420351	86058947	234608474	16	5713857	3
facebook.com	/	/	200	410420393	86058947	234608474	10	5713857	3
facebook.com	/	/	200	410420331	86058947	234608474	5	5713857	3
facebook.com	/	/	200	410420014	86058947	234608474	69	6056310	3
facebook.com	/	/	200	410420194	86058947	234608474	10	6056310	3
facebook.com	/	/	200	410420765	86058947	234608474	60	6056310	3
facebook.com	/	/	200	410420006	86058947	234608474	3	6056310	5
facebook.com	/	/	200	410420115	86058947	234608474	59	6056310	3
facebook.com	/	/	200	410411030	86058947	234608474	42	6056310	3
facebook.com	/	carolyn.peterie	200	410420336	86058947	234608474	3	5713857	3
facebook.com	/	stevesmom55	200	410412902	86058947	234608474	60	5713857	3
facebook.com	/	/	200	410420632	86058947	234608474	120	5713857	3
facebook.com	ajax/pagelet/generic.php	PhotoViewerPagelet	200	410460995	85600779	235525682	29	3927365	3
facebook.com	/	/	200	410462670	85600779	235525682	21	5713857	3
facebook.com	luzviminda.i.villegas	photos	200	410462664	85600779	235525682	6	5713857	3
facebook.com	/	/	200	410462515	85600779	235525682	49	6056310	3
facebook.com	ajax/pagelet/generic.php	MoreStoriesPagelet	200	410463130	85600779	235525682	71	14932183	3
facebook.com	ajax/pagelet/generic.php	MoreStoriesPagelet	200	410463020	85600779	235525682	30	14932183	3
facebook.com	ajax/pagelet/generic.php	PhotoViewerPagelet	200	410461024	85600779	235525682	120	3927365	3
facebook.com	ajax/pagelet/generic.php	PhotoViewerPagelet	200	410462711	85600779	235525682	122	3927365	3
facebook.com	ajax/pagelet/generic.php	PhotoViewerInitPagelet	200	410462564	85600779	235525682	51	3927365	3
victoriassecret.com	/	beauty	200	410463525	85600779	235525682	32	689341	3
victoriassecret.com	sale	bras	200	410463483	85600779	235525682	42	689341	3
victoriassecret.com	sale	bras	200	410463376	85600779	235525682	34	689341	3
victoriassecret.com	/	sale	200	410463346	85600779	235525682	30	689341	3
victoriassecret.com	beauty	body-mists	200	410463557	85600779	235525682	40	689341	3
victoriassecret.com	sale	bras	200	410463410	85600779	235525682	73	689341	3
facebook.com	ajax/pagelet/generic.php	PhotoViewerPagelet	200	410463058	85600779	235525682	72	3927365	3
facebook.com	ajax/pagelet/generic.php	PhotoViewerPagelet	200	410462615	85600779	235525682	49	3927365	3
facebook.com	ajax/pagelet/generic.php	PhotoViewerPagelet	200	410462936	85600779	235525682	46	3927365	3
facebook.com	ajax/pagelet/generic.php	PhotoViewerInitPagelet	200	410460610	85600779	235525682	22	3927365	3
facebook.com	ajax/pagelet/generic.php	PhotoViewerInitPagelet	200	410463050	85600779	235525682	8	3927365	3
facebook.com	ajax/pagelet/generic.php	PhotoViewerPagelet	200	410462982	85600779	235525682	38	3927365	3
facebook.com	ajax/pagelet/generic.php	PhotoViewerInitPagelet	200	410462691	85600779	235525682	20	3927365	3
facebook.com	ajax/pagelet/generic.php	PhotoViewerPagelet	200	410462833	85600779	235525682	86	3927365	3
facebook.com	ajax/pagelet/generic.php	PhotoViewerInitPagelet	200	410462919	85600779	235525682	17	3927365	3
facebook.com	ajax/pagelet/generic.php	PhotoViewerPagelet	200	410460632	85600779	235525682	363	3927365	3
facebook.com	ajax/pagelet/generic.php	MoreStoriesPagelet	200	410483341	87953283	236664194	70	14932183	5
facebook.com	ajax/pagelet/generic.php	MoreStoriesPagelet	200	410483427	87953283	236664194	22	14932183	5
facebook.com	ajax/pagelet/generic.php	MoreStoriesPagelet	200	410483478	87953283	236664194	18	14932183	5
facebook.com	ajax/pagelet/generic.php	MoreStoriesPagelet	200	410483411	87953283	236664194	16	14932183	5
facebook.com	ajax/pagelet/generic.php	MoreStoriesPagelet	200	410483449	87953283	236664194	29	14932183	5
facebook.com	ajax/pagelet/generic.php	MoreStoriesPagelet	200	410483496	87953283	236664194	52	14932183	5
facebook.com	ajax/pagelet/generic.php	MoreStoriesPagelet	200	410406211	87953283	236664194	77	14932183	5
facebook.com	ajax/pagelet/generic.php	MoreStoriesPagelet	200	410483548	87953283	236664194	98	14932183	5
facebook.com	ajax/pagelet/generic.php	MoreStoriesPagelet	200	410483288	87953283	236664194	10	14932183	5
facebook.com	ajax/pagelet/generic.php	ProfileTimelineSectionPagelet	200	410478745	87953283	236664194	63	13704975	5
facebook.com	ajax/pagelet/generic.php	ProfileTimelineSectionPagelet	200	410478693	87953283	236664194	29	13704975	5
facebook.com	ajax/pagelet/generic.php	ProfileTimelineSectionPagelet	200	410479437	87953283	236664194	23	13704975	5
facebook.com	/	/	200	410406134	87953283	236664194	77	8047797	5
facebook.com	/	/	200	410402755	87953283	236664194	8	8047797	5
facebook.com	/	/	200	410483270	87953283	236664194	18	8047797	5
facebook.com	ajax/pagelet/generic.php	ProfileTimelineSectionPagelet	200	410478634	87953283	236664194	59	13704975	5
facebook.com	ajax/pagelet/generic.php	ProfileTimelineSectionPagelet	200	410478722	87953283	236664194	23	13704975	5
facebook.com	bingoblingo	/	200	410479042	87953283	236664194	1	4761456	5
facebook.com	/	logout.php	302	410483689	87953283	236664194	60	4934870	5
facebook.com	/	/	200	410479418	87953283	236664194	5	5713857	5
facebook.com	April.Smailes	info	200	410478808	87953283	236664194	61	5713857	5
facebook.com	/	/	200	410478869	87953283	236664194	91	5713857	5
facebook.com	/	/	200	410483663	87953283	236664194	5	5713857	5
facebook.com	/	travis.baker.39395033	200	410402836	87953283	236664194	6	5713857	5
facebook.com	bingoblingo	/	200	410403188	87953283	236664194	9	4761456	5
facebook.com	bingoblingo	/	200	410479464	87953283	236664194	2	4761456	5
facebook.com	ajax/home	generic.php	200	410479423	87953283	236664194	8	4408844	5
facebook.com	April.Smailes/posts	552750681419677	200	410402995	87953283	236664194	6	3531701	5
facebook.com	dialog	apprequests	200	410479068	87953283	236664194	94	3531701	5
facebook.com	/	index.php	200	410479008	87953283	236664194	22	3531701	5
facebook.com	dialog	apprequests	200	410403219	87953283	236664194	120	3531701	5
facebook.com	dialog	apprequests	200	410483072	87953283	236664194	19	3531701	5
facebook.com	/	settings	200	410479162	87953283	236664194	120	3531701	5
facebook.com	/	index.php	200	410402779	87953283	236664194	22	3531701	5
facebook.com	/	index.php	200	410406288	87953283	236664194	60	3531701	5
facebook.com	ajax/pagelet/generic.php	PhotoViewerPagelet	200	410483305	87953283	236664194	36	3927365	5
facebook.com	ajax/pagelet/generic.php	PhotoViewerInitPagelet	200	410483298	87953283	236664194	7	3927365	5
facebook.com	travis.baker.39395033	photos_albums	200	410402847	87953283	236664194	6	5713857	5
facebook.com	/	/	200	410483668	87953283	236664194	12	5713857	5
facebook.com	joshua.maddy.5/posts	435763149824618	200	410402896	87953283	236664194	99	5713857	5
facebook.com	events	list	200	410478960	87953283	236664194	39	5713857	5
facebook.com	/	/	200	410479030	87953283	236664194	12	6056310	5
facebook.com	/	/	200	410402801	87953283	236664194	19	6056310	5
facebook.com	events	list	200	410402763	87953283	236664194	16	5713857	5
facebook.com	/	william.mace.9659	200	410402828	87953283	236664194	8	5713857	5
facebook.com	/	/	200	410483686	87953283	236664194	3	5713857	5
facebook.com	/	April.Smailes	200	410478630	87953283	236664194	4	5713857	5
facebook.com	joshua.maddy.5/posts	436187266448873	200	410483646	87953283	236664194	17	5713857	5
facebook.com	travis.baker.39395033	photos	200	410402842	87953283	236664194	5	5713857	5
facebook.com	ashley.l.wade.7/posts	407715952636547	200	410403001	87953283	236664194	120	5713857	5
facebook.com	/	/	200	410402853	87953283	236664194	43	5713857	5
facebook.com	/	william.mace.9659	200	410402820	87953283	236664194	8	5713857	5
facebook.com	/	/	200	410478999	87953283	236664194	9	5713857	5
facebook.com	/	hillthomp08	200	410479431	87953283	236664194	6	5713857	5
facebook.com	/	/	200	410479460	87953283	236664194	4	5713857	5
facebook.com	/	felisha.scott.37	200	410483680	87953283	236664194	6	5713857	5
facebook.com	/	/	200	410408595	88171080	237130322	44	3531701	3
facebook.com	wordswithfriends	/	200	410408243	88171080	237130322	2	15138170	3
facebook.com	ajax/pagelet/generic.php	MoreStoriesPagelet	200	410412976	88171080	237130322	120	14932183	3
facebook.com	ajax/pagelet/generic.php	MoreStoriesPagelet	200	410442191	88171080	237130322	60	14932183	3
facebook.com	/	/	200	410442167	88171080	237130322	24	6056310	3
facebook.com	dialog	apprequests	200	410408361	88171080	237130322	40	3531701	5
facebook.com	dialog	apprequests	200	410408583	88171080	237130322	12	3531701	5
facebook.com	dialog	apprequests	200	410408552	88171080	237130322	31	3531701	5
facebook.com	dialog	apprequests	200	410408401	88171080	237130322	151	3531701	5
facebook.com	/	/	200	410408198	88171080	237130322	45	6056310	3
facebook.com	/	/	200	410411810	88171080	237130322	120	6056310	3
