facebook.com	ajax/pagelet/generic.php	MoreStoriesPagelet	200	410463798	101164495	161226738	137	14932183	5
facebook.com	/	gisselle.ruiz.33	200	410400631	106897134	161406234	120	5713857	3
facebook.com	/	Miss.Khu08	200	410474456	121209817	162347874	4	5713857	3
youtube.com	/	watch	200	410400801	122516904	162410202	16	3718815	3
youtube.com	/	watch	200	410468345	130568710	162767802	31	3718815	3
youtube.com	/	results	200	410425481	131853611	162832074	18	3718815	5
youtube.com	/	watch	200	410422618	131853611	162832074	86	3718815	3
youtube.com	/	results	200	410485055	132566124	162850434	87	3718815	3
youtube.com	/	/	200	410484997	132566124	162850434	28	15276118	3
facebook.com	/	bubbleplyapp	200	410410954	58124248	200482194	45	3531701	5
facebook.com	/	bubbleplyapp	200	410400686	58124248	200482194	7	3531701	5
homedepot.com	HomeDepot	Entry	302	410452354	58704082	201638826	5	689213	3
homedepot.com	HomeDepot	BrowseByPage	200	410452359	58704082	201638826	3	689213	3
facebook.com	ajax/pagelet/generic.php	ProfileTimelineSectionPagelet	200	410408888	65407245	201946242	44	13704975	3
facebook.com	ajax/pagelet/generic.php	ProfileTimelineSectionPagelet	200	410408701	65407245	201946242	102	13704975	3
facebook.com	ajax/pagelet/generic.php	ProfileTimelineSectionPagelet	200	410408074	65407245	201946242	58	13704975	3
facebook.com	ajax/pagelet/generic.php	MoreStoriesPagelet	200	410477957	65407245	201946242	60	14932183	3
facebook.com	ajax/pagelet/generic.php	MoreStoriesPagelet	200	410477473	65407245	201946242	78	14932183	3
facebook.com	ajax/pagelet/generic.php	MoreStoriesPagelet	200	410402492	65407245	201946242	600	14932183	3
facebook.com	ajax/pagelet/generic.php	MoreStoriesPagelet	200	410401462	65407245	201946242	600	14932183	3
facebook.com	ajax/pagelet/generic.php	ProfileTimelineSectionPagelet	200	410408318	65407245	201946242	47	13704975	3
facebook.com	JudyV212/posts	10152414075795298	200	410409486	65407245	201946242	31	5713857	3
facebook.com	ajax/pagelet/generic.php	PhotoViewerInitPagelet	200	410413321	65407245	201946242	120	3927365	3
facebook.com	/	/	200	410401022	65407245	201946242	120	6056310	3
facebook.com	ajax/pagelet/generic.php	MoreStoriesPagelet	200	410475341	68921901	206460234	18	14932183	5
facebook.com	zooskers/personals	search	200	410403515	68921901	206460234	1	4761456	5
facebook.com	zooskers/personals	search	200	410474578	68921901	206460234	4	4761456	5
youtube.com	/	watch	200	410475966	68921901	206460234	120	3718815	3
facebook.com	ajax/home	generic.php	200	410418723	68921901	206460234	16	4408844	5
youtube.com	/	results	200	410470194	68921901	206460234	13	3718815	3
youtube.com	/	watch	200	410423714	63304125	221551842	120	7549991	3
youtube.com	/	watch	302	410424701	63304125	221551842	21	3718815	3
facebook.com	/	/	302	410478194	86377099	234665826	78	6056310	3
facebook.com	ajax/pagelet/generic.php	TimelinePhotosStreamPagelet	200	410479241	86377099	234665826	20	5713857	3
facebook.com	yolanda.vasquez.568	photos_stream	200	410479365	86377099	234665826	7	5713857	3
facebook.com	ajax/pagelet/generic.php	ProfileTimelineSectionPagelet	200	410479331	86377099	234665826	4	13704975	3
facebook.com	/	yolanda.vasquez.568	200	410479440	86377099	234665826	7	3531701	3
facebook.com	yolanda.vasquez.568	photos_stream	200	410479292	86377099	234665826	6	5713857	3
facebook.com	ajax/pagelet/generic.php	PhotoViewerInitPagelet	200	410479261	86377099	234665826	5	3927365	3
youtube.com	/	/	200	410474434	87392735	235663122	5	6174440	3
youtube.com	/	watch	200	410412875	87583661	237098802	600	3718815	3
