youtube.com	/	watch	200	410427897	94807110	161007392	600	3718815	3
youtube.com	/	results	200	410427884	94807110	161007392	13	3718815	3
youtube.com	/	/	200	410427873	94807110	161007392	9	7320287	3
youtube.com	/	watch	200	410431491	107153083	161422736	120	3718815	3
youtube.com	/	results	200	410483501	101062446	161700632	4	3718815	3
youtube.com	/	watch	200	410483505	101062446	161700632	25	6928214	3
youtube.com	/	/	200	410483479	101062446	161700632	22	6174440	3
facebook.com	/	/	200	410483745	101062446	161700632	11	6056310	5
facebook.com	/	/	302	410483739	101062446	161700632	6	6056310	3
youtube.com	/	/	200	410470194	111993876	162190856	29	6174440	3
youtube.com	/	watch	200	410470317	111993876	162190856	30	3718815	3
youtube.com	/	results	200	410470272	111993876	162190856	40	3718815	3
youtube.com	/	watch	200	410454548	120332125	162304208	181	3718815	3
youtube.com	/	watch	200	410454729	120332125	162304208	232	3718815	3
youtube.com	/	watch	200	410458151	120332125	162304208	22	3718815	3
youtube.com	/	watch	200	410454511	120332125	162304208	37	3718815	3
youtube.com	/	watch	200	410454335	120332125	162304208	176	3718815	3
youtube.com	/	watch	200	410454298	120332125	162304208	37	3718815	3
youtube.com	/	watch	200	410476891	125847921	162577736	120	6928214	3
youtube.com	/	watch	200	410476562	125847921	162577736	120	3718815	3
youtube.com	channel	HCp-Rdqh3z4Uc	200	410476414	125847921	162577736	3	3718815	3
youtube.com	/	results	200	410476483	125847921	162577736	54	3718815	3
youtube.com	/	watch	200	410422499	127632266	162640808	32	3718815	3
tumblr.com	dashboard/3	39348652668	200	410413681	121724074	162677072	8	4499227	3
tumblr.com	reblog/39349967988	UdzEnOlj	302	410413784	121724074	162677072	3	4499227	3
tumblr.com	dashboard/6	39343806307	200	410413760	121724074	162677072	16	4499227	3
tumblr.com	reblog/39347138220	iqgd22Sy	200	410413689	121724074	162677072	11	4499227	3
tumblr.com	dashboard/4	39345277985	200	410413700	121724074	162677072	28	4499227	3
tumblr.com	dashboard/5	39344388968	200	410413728	121724074	162677072	32	4499227	3
tumblr.com	/	dashboard	200	410413780	121724074	162677072	2	4499227	3
tumblr.com	reblog/39352450270	t3zJmVwN	302	410413782	121724074	162677072	2	4499227	3
tumblr.com	dashboard/7	39339704696	200	410413776	121724074	162677072	4	4499227	3
tumblr.com	dashboard/3	39348652668	200	410413787	121724074	162677072	120	4499227	3
tumblr.com	like	UdzEnOlj	200	410413666	121724074	162677072	15	4499227	3
disneystore.com	brave/mn/1010606	/	200	410456297	128691817	162687464	1369	731784	3
youtube.com	/	results	200	410414568	128892397	162726944	24	3718815	3
youtube.com	/	results	200	410414562	128892397	162726944	6	3718815	3
youtube.com	/	watch	200	410414612	128892397	162726944	120	6928214	3
youtube.com	/	watch	200	410401061	130078098	162750848	89	3718815	3
youtube.com	/	watch	200	410401053	130078098	162750848	8	3718815	3
facebook.com	barbie	photos_stream	200	410478852	131874086	162818264	11	5713857	5
facebook.com	/	logout.php	302	410478863	131874086	162818264	11	4934870	5
youtube.com	/	watch	200	410460964	131952350	162818912	9	6928214	3
youtube.com	/	results	200	410461323	131952350	162818912	47	3718815	3
youtube.com	/	results	200	410460959	131952350	162818912	5	3718815	3
facebook.com	/	/	200	410481359	76583701	216026576	41	3531701	5
facebook.com	/	/	200	410481400	76583701	216026576	54	3531701	5
facebook.com	/	/	200	410432529	76583701	216026576	20	3531701	5
facebook.com	/	/	200	410481314	76583701	216026576	45	3531701	5
facebook.com	/	/	200	410481305	76583701	216026576	9	3531701	5
facebook.com	/	/	200	410481454	76583701	216026576	25	3531701	5
facebook.com	/	/	200	410480922	76583701	216026576	40	3531701	5
facebook.com	/	/	200	410480962	76583701	216026576	32	3531701	5
facebook.com	/	index.php	200	410481479	76583701	216026576	60	3531701	5
facebook.com	ajax/hovercard	hovercard.php	200	410481157	76583701	216026576	9	4408844	5
facebook.com	ajax/home	generic.php	200	410432549	76583701	216026576	40	4408844	5
facebook.com	/	logout.php	302	410432613	76583701	216026576	60	4934870	5
facebook.com	messages	/	200	410481044	76583701	216026576	113	5713857	5
facebook.com	nascarjohnnie/posts	214895421981099	200	410480994	76583701	216026576	7	5713857	5
facebook.com	/	/	200	410481001	76583701	216026576	43	5713857	5
facebook.com	/	hope.sanders.771	200	410481254	76583701	216026576	20	5713857	5
facebook.com	messages	/	200	410481166	76583701	216026576	88	5713857	5
facebook.com	hope.sanders.771	info	200	410481274	76583701	216026576	31	5713857	5
facebook.com	/	login.php	200	410480904	76583701	216026576	18	12438930	5
facebook.com	/	login.php	200	410432495	76583701	216026576	34	12438930	5
facebook.com	ajax/pagelet/generic.php	MoreStoriesPagelet	200	410432589	76583701	216026576	24	14932183	5
facebook.com	ajax/pagelet/generic.php	MoreStoriesPagelet	200	410423322	81095251	222095576	9	14932183	3
amazon.com	/	/	200	410481518	81095251	222095576	8	6048290	3
facebook.com	/	/	200	410453417	81095251	222095576	17	5713857	3
facebook.com	/	draganapetric	200	410453402	81095251	222095576	1	5713857	3
facebook.com	/	/	200	410453293	81095251	222095576	4	5713857	3
facebook.com	/	/	200	410468676	81095251	222095576	7	5713857	3
facebook.com	/	christopher.jackson.509	200	410453211	81095251	222095576	2	5713857	3
facebook.com	/	/	200	410423211	81095251	222095576	2	5713857	3
facebook.com	/	charmaine.l.chin	200	410468644	81095251	222095576	2	5713857	3
facebook.com	ajax/home	generic.php	200	410468852	81095251	222095576	60	4408844	3
facebook.com	ajax/home	generic.php	200	410457254	81095251	222095576	20	4408844	3
amazon.com	Munchkin-40300-Five-Multi-Cups/dp	B0035ER4WU	200	410481633	81095251	222095576	0	4298108	3
facebook.com	ajax/pagelet/generic.php	PhotoViewerInitPagelet	200	410423350	81095251	222095576	10	3927365	3
facebook.com	ajax/pagelet/generic.php	PhotoViewerPagelet	200	410468759	81095251	222095576	39	3927365	3
facebook.com	ajax/pagelet/generic.php	PhotoViewerInitPagelet	200	410453367	81095251	222095576	6	3927365	3
facebook.com	ajax/pagelet/generic.php	PhotoViewerPagelet	200	410423378	81095251	222095576	15	3927365	3
facebook.com	ajax/pagelet/generic.php	PhotoViewerInitPagelet	200	410468646	81095251	222095576	30	3927365	3
facebook.com	/	draganapetric	200	410453412	81095251	222095576	5	3531701	3
amazon.com	gp/nemo/raw/handlers	raw.html?ie=UTF8&ASIN=B0035ER4WU&pageLocation=below-fold&bWidth=1286&yPos=2732&_=1357080134273	200	410481738	81095251	222095576	60	671065	3
amazon.com	gp/nemo/raw/handlers	raw.html?ie=UTF8&ASIN=B0035ER4WU&pageLocation=below-fold&referringSearchEngine=Amazon&searchTerms=cup&bWidth=1286&yPos=2732&_=1357080030605	200	410481633	81095251	222095576	93	671065	3
amazon.com	/	s	200	410481526	81095251	222095576	107	671065	3
amazon.com	gp/product	handle-buy-box	200	410481726	81095251	222095576	9	671065	3
facebook.com	ajax/pagelet/generic.php	PhotoViewerInitPagelet	200	410468683	81095251	222095576	14	3927365	3
facebook.com	ajax/pagelet/generic.php	PhotoViewerPagelet	200	410468827	81095251	222095576	7	3927365	3
facebook.com	ajax/pagelet/generic.php	PhotoViewerInitPagelet	200	410423219	81095251	222095576	15	3927365	3
facebook.com	ajax/pagelet/generic.php	PhotoViewerPagelet	200	410468798	81095251	222095576	29	3927365	3
facebook.com	ajax/pagelet/generic.php	PhotoViewerInitPagelet	200	410457246	81095251	222095576	8	3927365	3
facebook.com	ajax/pagelet/generic.php	PhotoViewerInitPagelet	200	410480036	81095251	222095576	14	3927365	3
facebook.com	ajax/pagelet/generic.php	PhotoViewerInitPagelet	200	410468139	81095251	222095576	12	3927365	3
facebook.com	ajax/pagelet/generic.php	PhotoViewerInitPagelet	200	410423372	81095251	222095576	6	3927365	3
facebook.com	ajax/pagelet/generic.php	PhotoViewerInitPagelet	200	410423312	81095251	222095576	10	3927365	3
facebook.com	ajax/pagelet/generic.php	PhotoViewerInitPagelet	200	410423234	81095251	222095576	9	3927365	3
facebook.com	ajax/pagelet/generic.php	PhotoViewerInitPagelet	200	410453382	81095251	222095576	7	3927365	3
facebook.com	ajax/pagelet/generic.php	PhotoViewerInitPagelet	200	410480050	81095251	222095576	60	3927365	3
facebook.com	ajax/pagelet/generic.php	PhotoViewerInitPagelet	200	410453269	81095251	222095576	15	3927365	3
facebook.com	ajax/pagelet/generic.php	PhotoViewerInitPagelet	200	410423281	81095251	222095576	22	3927365	3
facebook.com	ajax/pagelet/generic.php	PhotoViewerPagelet	200	410468712	81095251	222095576	47	3927365	3
facebook.com	ajax/pagelet/generic.php	PhotoViewerPagelet	200	410453373	81095251	222095576	1	3927365	3
facebook.com	ajax/pagelet/generic.php	PhotoViewerPagelet	200	410453287	81095251	222095576	6	3927365	3
facebook.com	ajax/pagelet/generic.php	PhotoViewerPagelet	200	410468697	81095251	222095576	15	3927365	3
facebook.com	ajax/pagelet/generic.php	MoreStoriesPagelet	200	410423399	81095251	222095576	8	14932183	3
facebook.com	ajax/pagelet/generic.php	MoreStoriesPagelet	200	410457276	81095251	222095576	28	14932183	3
facebook.com	ajax/pagelet/generic.php	MoreStoriesPagelet	200	410423331	81095251	222095576	2	14932183	3
facebook.com	ajax/pagelet/generic.php	MoreStoriesPagelet	200	410423265	81095251	222095576	8	14932183	3
facebook.com	ajax/pagelet/generic.php	MoreStoriesPagelet	200	410453389	81095251	222095576	13	14932183	3
facebook.com	ajax/pagelet/generic.php	MoreStoriesPagelet	200	410423360	81095251	222095576	3	14932183	3
facebook.com	ajax/pagelet/generic.php	MoreStoriesPagelet	200	410453297	81095251	222095576	17	14932183	3
facebook.com	ajax/pagelet/generic.php	MoreStoriesPagelet	200	410468834	81095251	222095576	18	14932183	3
facebook.com	ajax/pagelet/generic.php	MoreStoriesPagelet	200	410423336	81095251	222095576	14	14932183	3
facebook.com	ajax/pagelet/generic.php	ProfileTimelineSectionPagelet	200	410453403	81095251	222095576	1	13704975	3
facebook.com	ajax/pagelet/generic.php	ProfileTimelineSectionPagelet	200	410453213	81095251	222095576	11	13704975	3
amazon.com	Munchkin-40300-Five-Multi-Cups/dp	B0035ER4WU	200	410481735	81095251	222095576	3	671065	3
youtube.com	/	watch	200	410477317	82179703	223773488	121	3718815	3
youtube.com	/	watch	200	410477438	82179703	223773488	60	3718815	3
youtube.com	/	watch	200	410477234	82179703	223773488	83	3718815	3
barnesandnoble.com	u/nook	379003208	200	410472492	83372569	230186144	26	13159156	3
barnesandnoble.com	s	moleskin-weekly-notebook-2013	200	410472556	83372569	230186144	30	670981	3
barnesandnoble.com	/	/	200	410472371	83372569	230186144	92	670981	3
barnesandnoble.com	ws/CDS	json.asp	200	410472518	83372569	230186144	38	670981	3
barnesandnoble.com	w/2013-18-months-weekly-notebook-large-soft-black-cover-moleskine	1108392427	200	410472634	83372569	230186144	120	670981	3
youtube.com	/	results	200	410477567	84259147	232157744	11	3718815	3
youtube.com	/	watch	200	410477434	84259147	232157744	99	3718815	3
youtube.com	/	results	200	410477578	84259147	232157744	16	3718815	3
youtube.com	/	results	200	410477426	84259147	232157744	8	3718815	3
youtube.com	/	results	200	410477410	84259147	232157744	5	3718815	3
youtube.com	/	/	200	410477396	84259147	232157744	14	6174440	3
youtube.com	/	results	200	410477415	84259147	232157744	11	3718815	3
youtube.com	/	results	200	410477599	84259147	232157744	60	3718815	3
youtube.com	/	results	200	410477594	84259147	232157744	5	3718815	3
facebook.com	ajax/pagelet/generic.php	MoreStoriesPagelet	200	410473883	71742862	233086784	14	14932183	5
facebook.com	ajax/pagelet/generic.php	MoreStoriesPagelet	200	410473921	71742862	233086784	17	14932183	5
facebook.com	ajax/pagelet/generic.php	MoreStoriesPagelet	200	410422056	71742862	233086784	52	14932183	5
facebook.com	ajax/pagelet/generic.php	MoreStoriesPagelet	200	410473756	71742862	233086784	16	14932183	5
facebook.com	ajax/pagelet/generic.php	MoreStoriesPagelet	200	410473897	71742862	233086784	24	14932183	5
facebook.com	ajax/pagelet/generic.php	MoreStoriesPagelet	200	410476788	71742862	233086784	54	14932183	5
facebook.com	ajax/pagelet/generic.php	MoreStoriesPagelet	200	410473822	71742862	233086784	28	14932183	5
facebook.com	ajax/pagelet/generic.php	MoreStoriesPagelet	200	410473682	71742862	233086784	23	14932183	5
facebook.com	ajax/pagelet/generic.php	MoreStoriesPagelet	200	410422003	71742862	233086784	34	14932183	5
facebook.com	ajax/pagelet/generic.php	MoreStoriesPagelet	200	410432253	71742862	233086784	50	14932183	5
facebook.com	ajax/pagelet/generic.php	MoreStoriesPagelet	200	410473788	71742862	233086784	34	14932183	5
facebook.com	ajax/pagelet/generic.php	MoreStoriesPagelet	200	410473772	71742862	233086784	16	14932183	5
facebook.com	ajax/pagelet/generic.php	MoreStoriesPagelet	200	410424949	71742862	233086784	600	14932183	5
facebook.com	ajax/pagelet/generic.php	MoreStoriesPagelet	200	410473560	71742862	233086784	25	14932183	5
facebook.com	ajax/pagelet/generic.php	MoreStoriesPagelet	200	410473938	71742862	233086784	42	14932183	5
facebook.com	ajax/pagelet/generic.php	MoreStoriesPagelet	200	410473659	71742862	233086784	23	14932183	5
facebook.com	ajax/pagelet/generic.php	MoreStoriesPagelet	200	410424898	71742862	233086784	51	14932183	5
facebook.com	ajax/pagelet/generic.php	MoreStoriesPagelet	200	410473607	71742862	233086784	7	14932183	5
facebook.com	ajax/pagelet/generic.php	MoreStoriesPagelet	200	410424877	71742862	233086784	21	14932183	5
facebook.com	ajax/pagelet/generic.php	MoreStoriesPagelet	200	410473614	71742862	233086784	45	14932183	5
facebook.com	ajax/pagelet/generic.php	MoreStoriesPagelet	200	410473585	71742862	233086784	22	14932183	5
facebook.com	ajax/pagelet/generic.php	MoreStoriesPagelet	200	410475431	71742862	233086784	33	14932183	5
facebook.com	ajax/pagelet/generic.php	MoreStoriesPagelet	200	410421982	71742862	233086784	21	14932183	5
facebook.com	ajax/pagelet/generic.php	MoreStoriesPagelet	200	410473514	71742862	233086784	27	14932183	5
facebook.com	ajax/pagelet/generic.php	MoreStoriesPagelet	200	410473541	71742862	233086784	19	14932183	5
facebook.com	ajax/pagelet/generic.php	MoreStoriesPagelet	200	410473479	71742862	233086784	23	14932183	5
facebook.com	ajax/pagelet/generic.php	MoreStoriesPagelet	200	410432204	71742862	233086784	49	14932183	5
facebook.com	ajax/pagelet/generic.php	MoreStoriesPagelet	200	410422037	71742862	233086784	19	14932183	5
facebook.com	ajax/pagelet/generic.php	MoreStoriesPagelet	200	410473850	71742862	233086784	33	14932183	5
facebook.com	ajax/pagelet/generic.php	MoreStoriesPagelet	200	410431159	71742862	233086784	25	14932183	5
facebook.com	ajax/pagelet/generic.php	MoreStoriesPagelet	200	410473717	71742862	233086784	39	14932183	5
facebook.com	ajax/pagelet/generic.php	MoreStoriesPagelet	200	410473502	71742862	233086784	12	14932183	5
facebook.com	farmville-two	/	200	410473980	71742862	233086784	8	15868848	5
facebook.com	farmville-two	viral.php	200	410475464	71742862	233086784	59	15868848	5
facebook.com	farmville-two	/	200	410431191	71742862	233086784	57	15868848	5
facebook.com	farmville-two/	index.php	200	410421771	71742862	233086784	18	15868848	5
facebook.com	farmville-two	/	200	410422112	71742862	233086784	113	15868848	5
facebook.com	farmville-two	viral.php	200	410476842	71742862	233086784	39	15868848	5
facebook.com	farmville-two	/	200	410432306	71742862	233086784	79	15868848	5
facebook.com	/	/	200	410478007	71742862	233086784	120	3531701	5
facebook.com	/	/	200	410432083	71742862	233086784	120	3531701	5
facebook.com	dialog	apprequests	200	410422550	71742862	233086784	600	3531701	5
facebook.com	/	/	200	410476666	71742862	233086784	62	3531701	5
facebook.com	dialog	apprequests	200	410424093	71742862	233086784	118	3531701	5
facebook.com	dialog	apprequests	200	410424211	71742862	233086784	156	3531701	5
facebook.com	/	/	200	410475368	71742862	233086784	63	3531701	5
facebook.com	dialog	apprequests	200	410474419	71742862	233086784	18	3531701	5
facebook.com	dialog	apprequests	200	410476423	71742862	233086784	37	3531701	5
facebook.com	dialog	apprequests	200	410474437	71742862	233086784	6	3531701	5
facebook.com	dialog	apprequests	200	410474443	71742862	233086784	238	3531701	5
facebook.com	/	/	200	410424810	71742862	233086784	67	3531701	5
facebook.com	dialog	apprequests	200	410474681	71742862	233086784	120	3531701	5
facebook.com	dialog	apprequests	200	410424367	71742862	233086784	443	3531701	5
facebook.com	dialog	apprequests	200	410476460	71742862	233086784	206	3531701	5
facebook.com	/	/	200	410473330	71742862	233086784	120	6056310	5
facebook.com	/	/	302	410421828	71742862	233086784	21	6056310	3
facebook.com	/	/	302	410473299	71742862	233086784	31	6056310	3
facebook.com	/	/	200	410421849	71742862	233086784	120	6056310	5
youtube.com	/	watch	200	410456784	85997726	233650808	72	3718815	3
youtube.com	/	watch	200	410481316	85997726	233650808	23	3718815	3
youtube.com	/	watch	200	410459597	85997726	233650808	148	3718815	3
youtube.com	/	results	200	410451782	85997726	233650808	9	3718815	3
youtube.com	/	results	200	410459591	85997726	233650808	6	3718815	3
youtube.com	/	results	200	410451809	85997726	233650808	11	3718815	3
youtube.com	/	watch	200	410459287	85997726	233650808	67	3718815	3
youtube.com	/	watch	200	410481339	85997726	233650808	60	3718815	3
youtube.com	user	NickiMinajAtVEVO	200	410470947	85997726	233650808	60	3718815	3
youtube.com	/	/	200	410451758	85997726	233650808	24	6174440	3
youtube.com	/	/	200	410466253	85997726	233650808	7	6174440	3
youtube.com	/	/	200	410456762	85997726	233650808	18	6174440	3
youtube.com	/	/	200	410481232	85997726	233650808	20	6174440	3
youtube.com	/	/	200	410470932	85997726	233650808	15	6174440	3
youtube.com	/	/	200	410459583	85997726	233650808	8	6174440	3
youtube.com	/	/	200	410458676	85997726	233650808	24	6174440	3
youtube.com	/	watch	200	410459162	85997726	233650808	61	7549991	3
youtube.com	/	results	200	410451791	85997726	233650808	18	3718815	3
youtube.com	/	watch	200	410459745	85997726	233650808	46	3718815	3
youtube.com	/	results	200	410451820	85997726	233650808	34	3718815	3
youtube.com	/	results	200	410466260	85997726	233650808	5	3718815	3
youtube.com	/	results	200	410458700	85997726	233650808	20	3718815	3
youtube.com	/	results	200	410481252	85997726	233650808	3	3718815	3
youtube.com	/	results	200	410458947	85997726	233650808	11	3718815	3
youtube.com	/	results	200	410458799	85997726	233650808	45	3718815	3
youtube.com	/	watch	200	410481267	85997726	233650808	33	3718815	3
youtube.com	/	results	200	410456780	85997726	233650808	4	3718815	3
youtube.com	/	results	200	410459223	85997726	233650808	14	3718815	3
youtube.com	/	watch	200	410458844	85997726	233650808	103	3718815	3
youtube.com	/	results	200	410481300	85997726	233650808	16	3718815	3
youtube.com	/	watch	200	410466265	85997726	233650808	112	3718815	3
youtube.com	/	results	200	410481255	85997726	233650808	12	3718815	3
youtube.com	/	watch	200	410458720	85997726	233650808	79	3718815	3
youtube.com	/	watch	200	410459237	85997726	233650808	21	3718815	3
youtube.com	/	watch	200	410458958	85997726	233650808	20	7549991	3
facebook.com	ajax/pagelet/generic.php	MoreStoriesPagelet	200	410465118	86233221	234179384	26	14932183	3
facebook.com	ajax/pagelet/generic.php	MoreStoriesPagelet	200	410468742	86233221	234179384	11	14932183	3
facebook.com	/	index.php	200	410480078	86233221	234179384	25	3531701	5
facebook.com	/	index.php	302	410465144	86233221	234179384	120	3531701	3
facebook.com	/	index.php	200	410480811	86233221	234179384	7	3531701	5
facebook.com	/	index.php	200	410470188	86233221	234179384	60	3531701	5
facebook.com	/	index.php	200	410468753	86233221	234179384	9	3531701	5
youtube.com	/	watch	200	410463226	86233221	234179384	25	3718815	3
youtube.com	/	watch	200	410463197	86233221	234179384	3	3718815	3
amazon.com	gp/nemo/raw/handlers	raw.html?ie=UTF8&ASIN=B005JKD3R8&pageLocation=below-fold&referringSearchEngine=Amazon&searchTerms=16 hd camera security system with dvr&bWidth=991&yPos=1996&_=1357067569995	200	410469152	86233221	234179384	103	671065	3
amazon.com	gp/cdp/member-reviews	A3IUJAPCA0WJH9	200	410479179	86233221	234179384	71	671065	3
amazon.com	gp/nemo/raw/handlers	raw.html?ie=UTF8&ASIN=B009T929HK&pageLocation=below-fold&bWidth=991&yPos=1817&_=1357067903396	200	410469485	86233221	234179384	120	671065	3
amazon.com	KDH6-DASFZ8ZN-1TB-Channel-Security-included-Weatherproof/product-reviews	B008GMSLUA	200	410479170	86233221	234179384	9	671065	3
amazon.com	VideoSecu-Output-Distributed-Security-1NK/dp	B002OXL8IY	200	410479418	86233221	234179384	1	671065	3
amazon.com	/	s	200	410478866	86233221	234179384	86	671065	3
amazon.com	/	/	200	410468762	86233221	234179384	19	671065	3
amazon.com	Lorex-Channel-Security-Resolution-Pan-Tilt-Zoom/dp	B009T929HK	200	410478952	86233221	234179384	1	671065	3
amazon.com	gp/nemo/raw/handlers	raw.html?ie=UTF8&ASIN=B0068QOI2Q&pageLocation=below-fold&referringSearchEngine=Amazon&searchTerms=16 security camera system&bWidth=991&yPos=2569&_=1357078717068	200	410480299	86233221	234179384	120	671065	3
amazon.com	/	s	200	410479250	86233221	234179384	37	671065	3
amazon.com	gp/nemo/raw/handlers	raw.html?ie=UTF8&ASIN=B0090E3L4O&pageLocation=below-fold&referringSearchEngine=Amazon&searchTerms=16 hd camera with dvr bor business&bWidth=991&yPos=2635&_=1357077848033	200	410479429	86233221	234179384	111	671065	3
amazon.com	Complete-Security-Surveillance-2-8~12mm-Varifocal/dp	B005JKD3R8	200	410469151	86233221	234179384	1	671065	3
amazon.com	/	s	200	410480123	86233221	234179384	175	671065	3
amazon.com	/	s	200	410468781	86233221	234179384	370	671065	3
amazon.com	gp/nemo/raw/handlers	raw.html?ie=UTF8&ASIN=B008GMSLUA&pageLocation=below-fold&bWidth=991&yPos=2058&_=1357078058247	200	410479641	86233221	234179384	120	671065	3
amazon.com	gp/nemo/raw/handlers	raw.html?ie=UTF8&ASIN=B002OXL8IY&pageLocation=below-fold&bWidth=991&yPos=1893&_=1357077837212	200	410479419	86233221	234179384	10	671065	3
amazon.com	KDH6-DASFZ8ZN-1TB-Channel-Security-included-Weatherproof/dp	B008GMSLUA	200	410479640	86233221	234179384	1	671065	3
amazon.com	Lorex-Channel-Security-Resolution-Pan-Tilt-Zoom/product-reviews	B009T929HK	200	410478976	86233221	234179384	41	671065	3
amazon.com	Lorex-Channel-Security-Resolution-Pan-Tilt-Zoom/dp	B009T929HK	200	410479017	86233221	234179384	1	671065	3
amazon.com	ZMODO-Standalone-Surveillance-Weatherproof-Cameras-1TB/dp	B0090E3L4O	200	410479314	86233221	234179384	1	671065	3
amazon.com	Lorex-Channel-Security-Resolution-Pan-Tilt-Zoom/dp	B009T929HK	200	410469484	86233221	234179384	1	671065	3
amazon.com	/	/	200	410480103	86233221	234179384	20	671065	3
amazon.com	gp/nemo/raw/handlers	raw.html?ie=UTF8&ASIN=B009T929HK&pageLocation=below-fold&bWidth=991&yPos=1817&_=1357077371490	200	410478953	86233221	234179384	23	671065	3
amazon.com	gp/nemo/raw/handlers	raw.html?ie=UTF8&ASIN=B009T929HK&pageLocation=below-fold&bWidth=991&yPos=1817&_=1357077436096	200	410479018	86233221	234179384	95	671065	3
amazon.com	/	s	200	410479113	86233221	234179384	57	671065	3
amazon.com	gp/nemo/raw/handlers	raw.html?ie=UTF8&ASIN=B0090E3L4O&pageLocation=below-fold&referringSearchEngine=Amazon&searchTerms=16 hd camera with dvr bor business&bWidth=991&yPos=2635&_=1357077733797	200	410479315	86233221	234179384	103	671065	3
amazon.com	/	/	200	410478849	86233221	234179384	17	671065	3
amazon.com	ZMODO16CH-Security-System-Weatherproof-Cameras/dp	B0068QOI2Q	200	410480298	86233221	234179384	1	671065	3
youtube.com	/	watch	200	410463210	86233221	234179384	5	3718815	3
facebook.com	ajax/pagelet/generic.php	PhotoViewerInitPagelet	200	410468717	86233221	234179384	19	3927365	3
facebook.com	/	/	200	410479541	86233221	234179384	9	6056310	5
facebook.com	/	/	200	410480784	86233221	234179384	0	6056310	5
facebook.com	/	/	302	410465018	86233221	234179384	2	6056310	3
facebook.com	/	/	302	410479540	86233221	234179384	1	6056310	3
facebook.com	/	/	200	410479550	86233221	234179384	90	6056310	3
facebook.com	/	/	200	410468689	86233221	234179384	28	6056310	3
facebook.com	/	/	302	410480784	86233221	234179384	10	6056310	3
facebook.com	/	/	200	410465020	86233221	234179384	11	6056310	5
facebook.com	/	/	200	410465031	86233221	234179384	22	6056310	3
facebook.com	ajax/pagelet/generic.php	PhotoViewerPagelet	200	410468736	86233221	234179384	6	3927365	3
facebook.com	/	/	200	410476844	86233221	234179384	60	6056310	5
facebook.com	/	/	200	410469266	86233221	234179384	120	6056310	3
facebook.com	/	/	200	410468678	86233221	234179384	11	6056310	5
facebook.com	/	/	302	410468677	86233221	234179384	1	6056310	3
facebook.com	/	/	302	410469255	86233221	234179384	1	6056310	3
facebook.com	/	/	200	410480794	86233221	234179384	17	6056310	3
facebook.com	/	/	200	410469256	86233221	234179384	10	6056310	5
facebook.com	/	/	302	410476843	86233221	234179384	1	6056310	3
facebook.com	/	/	200	410465071	86233221	234179384	8	5713857	3
facebook.com	maulik.patel.5680/posts	4065470756414	200	410465053	86233221	234179384	18	5713857	3
facebook.com	/	/	200	410471035	85926934	234624704	113	6056310	5
facebook.com	/	/	302	410484530	85926934	234624704	16	6056310	3
facebook.com	/	/	200	410482634	85926934	234624704	120	6056310	5
facebook.com	/	/	302	410471030	85926934	234624704	5	6056310	3
facebook.com	/	/	200	410484546	85926934	234624704	120	6056310	5
facebook.com	/	/	200	410417272	85926934	234624704	64	6056310	5
facebook.com	/	/	302	410467760	85926934	234624704	14	6056310	3
facebook.com	/	/	302	410459348	85926934	234624704	5	6056310	3
facebook.com	/	/	200	410459353	85926934	234624704	120	6056310	5
facebook.com	ajax/home	generic.php	200	410485413	85926934	234624704	120	4408844	5
facebook.com	ajax/home	generic.php	200	410486093	85926934	234624704	60	4408844	5
facebook.com	/	/	200	410417358	85926934	234624704	60	5713857	5
facebook.com	/	/	200	410467774	85926934	234624704	120	6056310	5
facebook.com	/	/	302	410417270	85926934	234624704	2	6056310	3
facebook.com	/	/	302	410482625	85926934	234624704	9	6056310	3
facebook.com	ajax/pagelet/generic.php	MoreStoriesPagelet	200	410459799	85926934	234624704	104	14932183	5
facebook.com	ajax/pagelet/generic.php	MoreStoriesPagelet	200	410417825	85926934	234624704	73	14932183	5
facebook.com	ajax/pagelet/generic.php	MoreStoriesPagelet	200	410459565	85926934	234624704	5	14932183	5
facebook.com	ajax/pagelet/generic.php	MoreStoriesPagelet	200	410417667	85926934	234624704	93	14932183	5
facebook.com	ajax/pagelet/generic.php	MoreStoriesPagelet	200	410486034	85926934	234624704	59	14932183	5
facebook.com	ajax/pagelet/generic.php	MoreStoriesPagelet	200	410460404	85926934	234624704	55	14932183	5
facebook.com	ajax/pagelet/generic.php	MoreStoriesPagelet	200	410479361	85926934	234624704	120	14932183	5
facebook.com	ajax/pagelet/generic.php	MoreStoriesPagelet	200	410484127	85926934	234624704	113	14932183	5
facebook.com	ajax/pagelet/generic.php	MoreStoriesPagelet	200	410460261	85926934	234624704	94	14932183	5
facebook.com	ajax/pagelet/generic.php	MoreStoriesPagelet	200	410418300	85926934	234624704	58	14932183	5
facebook.com	ajax/pagelet/generic.php	MoreStoriesPagelet	200	410479105	85926934	234624704	177	14932183	5
facebook.com	ajax/pagelet/generic.php	MoreStoriesPagelet	200	410418358	85926934	234624704	60	14932183	5
facebook.com	ajax/pagelet/generic.php	MoreStoriesPagelet	200	410471148	85926934	234624704	600	14932183	5
facebook.com	ajax/pagelet/generic.php	MoreStoriesPagelet	200	410459708	85926934	234624704	91	14932183	5
facebook.com	ajax/pagelet/generic.php	MoreStoriesPagelet	200	410485954	85926934	234624704	48	14932183	5
facebook.com	ajax/pagelet/generic.php	MoreStoriesPagelet	200	410459903	85926934	234624704	105	14932183	5
facebook.com	ajax/pagelet/generic.php	MoreStoriesPagelet	200	410417898	85926934	234624704	227	14932183	5
facebook.com	ajax/pagelet/generic.php	MoreStoriesPagelet	200	410479282	85926934	234624704	79	14932183	5
facebook.com	ajax/pagelet/generic.php	MoreStoriesPagelet	200	410418125	85926934	234624704	104	14932183	5
facebook.com	ajax/pagelet/generic.php	MoreStoriesPagelet	200	410417474	85926934	234624704	193	14932183	5
facebook.com	ajax/pagelet/generic.php	MoreStoriesPagelet	200	410459570	85926934	234624704	138	14932183	5
facebook.com	ajax/pagelet/generic.php	MoreStoriesPagelet	200	410468247	85926934	234624704	120	14932183	5
facebook.com	ajax/pagelet/generic.php	MoreStoriesPagelet	200	410417760	85926934	234624704	65	14932183	5
facebook.com	ajax/pagelet/generic.php	MoreStoriesPagelet	200	410460355	85926934	234624704	49	14932183	5
facebook.com	ajax/pagelet/generic.php	MoreStoriesPagelet	200	410486002	85926934	234624704	32	14932183	5
facebook.com	ajax/pagelet/generic.php	MoreStoriesPagelet	200	410460008	85926934	234624704	253	14932183	5
facebook.com	ajax/home	generic.php	200	410481536	85926934	234624704	31	4408844	5
facebook.com	ajax/home	generic.php	200	410479574	85926934	234624704	600	4408844	5
target.com	/	Home	200	410463551	85926934	234624704	120	689378	3
target.com	/	Home	200	410463546	85926934	234624704	5	689378	3
target.com	/	/	200	410463490	85926934	234624704	7	689378	3
facebook.com	/	mobileprotection	200	410417336	85926934	234624704	22	3531701	5
facebook.com	ajax/pagelet/generic.php	PhotoViewerPagelet	200	410468033	85926934	234624704	120	3927365	5
facebook.com	ajax/home	generic.php	200	410468713	85926934	234624704	482	4408844	5
facebook.com	ajax/home	generic.php	200	410462289	85926934	234624704	600	4408844	5
facebook.com	ajax/home	generic.php	200	410417418	85926934	234624704	56	4408844	5
facebook.com	ajax/home	generic.php	200	410418229	85926934	234624704	71	4408844	5
facebook.com	ajax/home	generic.php	200	410460459	85926934	234624704	600	4408844	5
facebook.com	ajax/home	generic.php	200	410463180	85926934	234624704	120	4408844	5
facebook.com	ajax/home	generic.php	200	410469195	85926934	234624704	99	4408844	5
facebook.com	ajax/home	generic.php	200	410484001	85926934	234624704	120	4408844	5
facebook.com	ajax/home	generic.php	200	410480838	85926934	234624704	600	4408844	5
tagged.com	/	home.html	200	410402968	86897530	235018112	10	9089132	3
tagged.com	/	friends.html	200	410402978	86897530	235018112	16	9089132	3
tagged.com	/	/	302	410402967	86897530	235018112	1	9089132	3
facebook.com	/	/	200	410402901	86897530	235018112	10	6056310	3
facebook.com	/	/	200	410402570	86897530	235018112	4	6056310	3
barnesandnoble.com	s	sara-fawkes	200	410474042	88582517	237624344	29	670981	3
barnesandnoble.com	account	request.aspx	200	410473874	88582517	237624344	40	670981	5
barnesandnoble.com	s	sara-fawkes	200	410474033	88582517	237624344	9	670981	3
barnesandnoble.com	w/anything-he-wants-sara-fawkes	1110205464	200	410474071	88582517	237624344	32	670981	3
barnesandnoble.com	s	tiffany-reisz	200	410474115	88582517	237624344	27	670981	3
barnesandnoble.com	s	sara-fawkes	200	410474021	88582517	237624344	12	670981	3
barnesandnoble.com	w/immersed-in-pleasure-tiffany-reisz	1107969052	200	410474142	88582517	237624344	40	670981	3
barnesandnoble.com	s	jane-eyre-laid-bare	302	410473947	88582517	237624344	1	670981	5
barnesandnoble.com	w/jane-eyre-laid-bare-eve-sinclair	1112483813	200	410473961	88582517	237624344	60	670981	3
barnesandnoble.com	s	tiffany-reisz	200	410474103	88582517	237624344	12	670981	3
barnesandnoble.com	s	jane-eyre-laid-bare	200	410473948	88582517	237624344	13	670981	3
barnesandnoble.com	account	Request.aspx	200	410473914	88582517	237624344	33	670981	5
facebook.com	/	/	200	410461203	89081066	239579312	20	5713857	3
facebook.com	/	/	200	410461223	89081066	239579312	26	5713857	3
facebook.com	ajax/pagelet/generic.php	MoreStoriesPagelet	200	410461390	89081066	239579312	9	14932183	3
facebook.com	ajax/pagelet/generic.php	MoreStoriesPagelet	200	410461249	89081066	239579312	4	14932183	3
facebook.com	ajax/pagelet/generic.php	ProfileTimelineSectionPagelet	200	410463275	89081066	239579312	120	13704975	5
facebook.com	messages	3007159	200	410481668	89081066	239579312	44	11157922	3
facebook.com	/	trghouston	200	410461296	89081066	239579312	1	8222324	3
facebook.com	/	profile.php	200	410461311	89081066	239579312	4	8194001	3
facebook.com	/	profile.php	200	410461199	89081066	239579312	4	8194001	3
youtube.com	/	/	200	410461466	89081066	239579312	19	6174440	5
facebook.com	/	/	200	410462612	89081066	239579312	120	6056310	5
facebook.com	/	/	200	410461167	89081066	239579312	21	6056310	5
facebook.com	/	/	200	410462194	89081066	239579312	18	6056310	5
facebook.com	/	/	200	410461375	89081066	239579312	3	6056310	3
facebook.com	/	/	200	410481656	89081066	239579312	7	6056310	5
facebook.com	messages	666335820	200	410463734	89081066	239579312	6	5713857	3
facebook.com	ajax/pagelet/generic.php	PhotoViewerInitPagelet	200	410461378	89081066	239579312	12	3927365	3
youtube.com	/	watch	200	410461926	89081066	239579312	87	3718815	5
youtube.com	/	watch	200	410461702	89081066	239579312	116	3718815	5
youtube.com	/	watch	200	410461818	89081066	239579312	97	3718815	5
youtube.com	/	watch	200	410462139	89081066	239579312	55	3718815	5
youtube.com	/	watch	200	410462013	89081066	239579312	126	3718815	5
youtube.com	/	watch	200	410461915	89081066	239579312	11	3718815	5
youtube.com	/	watch	200	410461485	89081066	239579312	217	3718815	5
facebook.com	/	trghouston	200	410461297	89081066	239579312	7	3531701	3
facebook.com	/	index.php	200	410463740	89081066	239579312	60	3531701	5
facebook.com	/	profile.php	200	410463271	89081066	239579312	4	3531701	5
facebook.com	/	mobileprotection	200	410461188	89081066	239579312	11	3531701	3
facebook.com	/	/	200	410463542	89081066	239579312	76	3531701	3
facebook.com	/	mobileprotection	200	410481663	89081066	239579312	5	3531701	3
facebook.com	ajax/pagelet/generic.php	PhotoViewerInitPagelet	200	410461399	89081066	239579312	23	3927365	3
facebook.com	ajax/pagelet/generic.php	PhotoViewerInitPagelet	200	410461304	89081066	239579312	7	3927365	3
facebook.com	ajax/pagelet/generic.php	PhotoViewerInitPagelet	200	410461253	89081066	239579312	20	3927365	3
facebook.com	ajax/pagelet/generic.php	MoreStoriesPagelet	200	410407602	89789606	239607704	101	14932183	3
facebook.com	ajax/pagelet/generic.php	MoreStoriesPagelet	200	410407703	89789606	239607704	60	14932183	3
facebook.com	/	/	200	410407565	89789606	239607704	37	6056310	3
charlotterusse.com	/	image	302	410400362	89789606	239607704	0	4619296	3
