youtube.com	/	watch	200	410472238	111692126	161601629	22	6928214	3
youtube.com	/	watch	200	410485820	124635561	162503069	120	3718815	3
youtube.com	/	watch	200	410415587	126955822	162602837	37	3718815	3
youtube.com	/	watch	200	410483453	130436106	162766613	98	3718815	3
youtube.com	/	results	200	410476220	130436106	162766613	18	3718815	3
youtube.com	/	watch	200	410400217	128134515	162865997	93	3718815	3
facebook.com	/	login.php	200	410460108	68485726	205161677	120	12438930	5
deviantart.com	art	Strawberry-Split-and-Fraise-345918708	200	410408951	69720951	208481549	139	8923924	3
facebook.com	ajax/pagelet/generic.php	MoreStoriesPagelet	200	410482124	69720951	208481549	2	14932183	3
facebook.com	ajax/pagelet/generic.php	MoreStoriesPagelet	200	410417866	69720951	208481549	5	14932183	3
deviantart.com	messages	/	200	410414965	69720951	208481549	45	8923930	3
deviantart.com	art	MLP-FiM-Transformation-Meme-295627098	200	410484819	69720951	208481549	11	8923924	3
tumblr.com	dashboard/4	39396135534	200	410477445	69720951	208481549	30	4499227	3
gaiaonline.com	/	/	302	410478320	69720951	208481549	3	3307615	3
facebook.com	ajax/pagelet/generic.php	ProfileTimelineSectionPagelet	200	410420284	75467132	214271933	18	13704975	5
facebook.com	ajax/pagelet/generic.php	ProfileTimelineSectionPagelet	200	410471830	75467132	214271933	4	13704975	5
facebook.com	ajax/pagelet/generic.php	ProfileTimelineSectionPagelet	200	410472044	75467132	214271933	4	13704975	5
facebook.com	ajax/pagelet/generic.php	ProfileTimelineSectionPagelet	200	410472480	75467132	214271933	38	13704975	5
facebook.com	ajax/pagelet/generic.php	MoreStoriesPagelet	200	410419155	75467132	214271933	25	14932183	3
facebook.com	ajax/pagelet/generic.php	MoreStoriesPagelet	200	410418605	75467132	214271933	67	14932183	3
facebook.com	ajax/pagelet/generic.php	MoreStoriesPagelet	200	410471652	75467132	214271933	46	14932183	5
facebook.com	ajax/pagelet/generic.php	ProfileTimelineSectionPagelet	200	410472285	75467132	214271933	21	13704975	5
youtube.com	/	watch	200	410470961	75467132	214271933	71	3718815	3
facebook.com	/	index.php	200	410418377	75467132	214271933	23	3531701	3
youtube.com	/	watch	200	410477171	75467132	214271933	92	3718815	5
youtube.com	/	watch	200	410475459	75467132	214271933	216	3718815	5
facebook.com	/	raul.rodriguez.1840	200	410472203	75467132	214271933	23	5713857	5
facebook.com	ajax/pagelet/generic.php	PhotoViewerPagelet	200	410418552	75467132	214271933	14	3927365	3
facebook.com	joshua.avalos.902	photos_albums	200	410420233	75467132	214271933	12	5713857	5
facebook.com	/	adam.pliss	200	410474555	77552817	217198013	2	5713857	3
facebook.com	/	/	200	410463143	77552817	217198013	1	6056310	3
facebook.com	ajax/pagelet/generic.php	ProfileTimelineSectionPagelet	200	410485856	77552817	217198013	16	13704975	3
facebook.com	ajax/pagelet/generic.php	ProfileTimelineSectionPagelet	200	410485872	77552817	217198013	4	13704975	3
facebook.com	ajax/pagelet/generic.php	MoreStoriesPagelet	200	410485718	77552817	217198013	114	14932183	3
facebook.com	ajax/pagelet/generic.php	MoreStoriesPagelet	200	410404211	77552817	217198013	46	14932183	3
youtube.com	/	my_videos	200	410421458	77552817	217198013	16	3718815	3
facebook.com	/	adam.pliss	200	410474559	77552817	217198013	1	3531701	3
facebook.com	ajax/pagelet/generic.php	MoreStoriesPagelet	200	410465594	80359064	222053213	12	14932183	3
youtube.com	/	watch	200	410469576	80359064	222053213	47	3718815	3
youtube.com	/	results	200	410480111	80359064	222053213	3	3718815	3
youtube.com	channel	HCp-Rdqh3z4Uc	200	410477883	80359064	222053213	28	3718815	3
youtube.com	/	watch	200	410468872	80359064	222053213	8	3718815	3
youtube.com	/	results	200	410468336	80359064	222053213	32	3718815	3
youtube.com	/	results	200	410478189	80359064	222053213	1	3718815	3
youtube.com	/	watch	200	410478136	80359064	222053213	24	3718815	3
youtube.com	/	watch	200	410469648	80359064	222053213	258	3718815	3
youtube.com	/	watch	200	410468081	80359064	222053213	2	3718815	3
youtube.com	/	watch	200	410468880	80359064	222053213	274	3718815	3
youtube.com	/	results	200	410470327	80359064	222053213	14	3718815	3
facebook.com	/	dough.phersh	200	410474241	80359064	222053213	5	3531701	3
facebook.com	king.dayy/posts	383020685121989	200	410465868	80359064	222053213	82	3531701	3
youtube.com	/	results	200	410468387	80359064	222053213	4	3718815	3
facebook.com	ajax/pagelet/generic.php	MoreStoriesPagelet	200	410467630	80359064	222053213	20	14932183	3
facebook.com	ajax/pagelet/generic.php	GroupFeedPagelet	200	410474102	80359064	222053213	22	14394902	3
facebook.com	ajax/pagelet/generic.php	ProfileTimelineSectionPagelet	200	410474308	80359064	222053213	6	13704975	3
twitter.com	/	IAmTRaaw	200	410466658	80359064	222053213	4	4272659	5
youtube.com	/	watch	200	410470261	80359064	222053213	66	3718815	3
twitter.com	i	/	200	410466663	80359064	222053213	203	4272659	5
twitter.com	/	logout	302	410464182	80359064	222053213	37	4272659	5
twitter.com	/	IAmTRaaw	200	410466996	80359064	222053213	421	4272659	5
twitter.com	/	PlayType_Cool	200	410466130	80359064	222053213	225	4272659	5
youtube.com	/	watch	200	410478340	81623221	223069325	6	7549991	3
youtube.com	/	watch	200	410478249	81623221	223069325	8	7549991	3
youtube.com	/	results	200	410476895	81623221	223069325	24	3718815	3
youtube.com	/	results	200	410476843	81623221	223069325	52	3718815	3
youtube.com	/	watch	200	410477051	81623221	223069325	2	3718815	3
facebook.com	onthefarm	session.php	200	410476126	80356416	235239581	600	7212428	5
facebook.com	farmville-two	/	200	410468587	80356416	235239581	5	15868848	5
facebook.com	gardensoftime/newsfeeds	systemBAPINewsFeed	200	410465461	80356416	235239581	36	10276945	5
facebook.com	dialog	apprequests	200	410475589	80356416	235239581	26	3531701	5
facebook.com	dialog	apprequests	200	410467827	80356416	235239581	107	3531701	5
facebook.com	dialog	apprequests	200	410468764	80356416	235239581	8	3531701	5
facebook.com	farmville-two	viral.php	200	410463991	80356416	235239581	22	15868848	5
