facebook.com	/	login.php	302	410428469	116709487	162389811	7	12438930	3
facebook.com	/	login.php	200	410429343	116709487	162389811	3	12438930	5
facebook.com	/	login.php	200	410429547	116709487	162389811	7	12438930	5
facebook.com	/	login.php	200	410429678	116709487	162389811	20	12438930	5
facebook.com	/	login.php	200	410429631	116709487	162389811	13	12438930	5
facebook.com	/	login.php	200	410429667	116709487	162389811	7	12438930	5
facebook.com	/	home.php	302	410481792	123092214	162425595	0	8045108	3
facebook.com	/	/	302	410481776	123092214	162425595	0	3531701	3
facebook.com	dragoncity	/	200	410408247	119777990	162591339	8	4761456	3
target.com	s	nickjr 2	200	410475068	132294720	162837411	6	689378	3
amazon.com	/	websearch	200	410475120	132294720	162837411	4	671065	3
amazon.com	gp/bit/apps/web/SERP/search	undefined	200	410467067	132294720	162837411	23	671065	3
youtube.com	/	results	200	410420789	127811640	162852987	47	3718815	3
youtube.com	/	watch	200	410472183	99893952	162864195	473	3718815	3
youtube.com	/	watch	200	410477378	81046434	223146891	16	3718815	3
youtube.com	/	watch	200	410477291	81046434	223146891	4	3718815	3
facebook.com	steven.lam8	photos_stream	200	410465677	62178091	224017683	6	5713857	3
facebook.com	ajax/pagelet/generic.php	PhotoViewerPagelet	200	410415576	62178091	224017683	60	3927365	3
youtube.com	/	watch	200	410422058	62178091	224017683	374	3718815	3
facebook.com	/	sarah.s.lam	200	410465606	62178091	224017683	9	3531701	3
classmates.com	/	profile.php	200	410422105	84783762	232007979	120	671043	3
symantec.com	932743328	default.aspx	302	410456224	84783762	232007979	14	678064	3
facebook.com	login	help.php	200	410473634	84783762	232007979	4	12438930	5
youtube.com	/	watch	200	410477868	84724499	232059243	87	7550008	3
facebook.com	/	/	200	410462075	84724499	232059243	34	6056310	5
facebook.com	dialog	apprequests	200	410462873	84724499	232059243	4	3531701	5
facebook.com	dialog	apprequests	200	410404213	84724499	232059243	12	3531701	5
amazon.com	gp/buy/shipaddressselect/handlers	continue.html	200	410464286	84724499	232059243	12	671065	5
facebook.com	ajax/home	generic.php	200	410466117	84724499	232059243	11	4408844	5
facebook.com	ajax/home	generic.php	200	410404656	84724499	232059243	14	4408844	5
facebook.com	ajax/pagelet/generic.php	PhotoViewerInitPagelet	200	410466099	84724499	232059243	18	3927365	5
youtube.com	/	watch	200	410419545	84724499	232059243	49	3718815	3
youtube.com	/	watch	200	410420021	84724499	232059243	67	3718815	3
youtube.com	/	watch	200	410419743	84724499	232059243	45	3718815	3
facebook.com	playslingo	/	200	410463913	84724499	232059243	1	15868830	5
facebook.com	ajax/home	generic.php	200	410466248	84724499	232059243	14	14394902	5
facebook.com	/	ashleigh.reckenberger	200	410415768	85289406	232508451	107	3531701	5
facebook.com	/	photo.php	200	410469195	85289406	232508451	3	3927365	5
facebook.com	/	tarantinosgirl	200	410409203	85289406	232508451	44	8222324	5
facebook.com	/	/	200	410405991	87112848	235707675	32	6056310	5
youtube.com	/	/	200	410406354	87112848	235707675	26	6174440	3
youtube.com	/	/	200	410472676	87112848	235707675	29	6174440	3
facebook.com	/	/	200	410412833	87112848	235707675	65	6056310	5
facebook.com	ajax/pagelet/generic.php	MoreStoriesPagelet	200	410412898	87112848	235707675	120	14932183	5
facebook.com	/	mary.sette.7	200	410414174	87112848	235707675	120	3531701	5
youtube.com	/	watch	200	410483208	87112848	235707675	120	3718815	3
youtube.com	/	results	200	410406380	87112848	235707675	5	3718815	3
youtube.com	/	watch	200	410406439	87112848	235707675	525	3718815	3
facebook.com	/	kristen.v.pierce	200	410485247	87112848	235707675	68	3531701	5
facebook.com	ajax/home	generic.php	200	410413813	87112848	235707675	120	4408844	5
youtube.com	/	results	200	410406420	87112848	235707675	19	3718815	3
youtube.com	/	results	200	410439263	86942137	236114307	7	3718815	3
youtube.com	/	watch	200	410423899	86942137	236114307	158	3718815	3
youtube.com	/	playlist	200	410422052	86942137	236114307	4	3718815	3
youtube.com	/	results	200	410440596	86942137	236114307	4	3718815	3
youtube.com	/	results	200	410437490	86942137	236114307	4	3718815	3
youtube.com	/	watch	200	410421275	86942137	236114307	341	3718815	3
facebook.com	ajax/pagelet/generic.php	MoreStoriesPagelet	200	410436716	86942137	236114307	51	14932183	5
facebook.com	ajax/pagelet/generic.php	MoreStoriesPagelet	200	410436934	86942137	236114307	4	14932183	5
facebook.com	ajax/pagelet/generic.php	MoreStoriesPagelet	200	410436553	86942137	236114307	11	14932183	5
youtube.com	/	/	200	410477501	86942137	236114307	22	6174440	3
youtube.com	/	results	200	410419863	86942137	236114307	25	3718815	3
youtube.com	/	results	200	410477523	86942137	236114307	71	3718815	3
youtube.com	/	watch	200	410441157	86942137	236114307	250	3718815	3
youtube.com	/	watch	200	410483943	86942137	236114307	120	3718815	3
youtube.com	/	watch	200	410439270	86942137	236114307	187	3718815	3
youtube.com	/	playlist	200	410420173	86942137	236114307	107	3718815	3
youtube.com	/	watch	200	410423623	86942137	236114307	276	3718815	3
youtube.com	/	null	200	410401535	86773345	236553027	210	3718815	3
youtube.com	/	watch	200	410400084	86773345	236553027	375	3718815	3
youtube.com	/	watch	200	410401131	86773345	236553027	14	3718815	3
facebook.com	/	w.php	302	410400018	87946998	236633091	13	3531701	3
facebook.com	/	w.php	302	410400101	87946998	236633091	5	3531701	3
facebook.com	/	w.php	302	410400097	87946998	236633091	4	3531701	5
facebook.com	/	w.php	302	410400015	87946998	236633091	3	3531701	3
youtube.com	/	results	200	410441501	88237252	237022707	7	3718815	3
youtube.com	/	/	200	410477502	88237252	237022707	120	6174440	3
youtube.com	/	results	200	410440793	88237252	237022707	20	3718815	3
youtube.com	/	watch	200	410441995	88237252	237022707	60	3718815	3
twitter.com	i	/	200	410484951	87571868	237042963	431	4272659	5
twitter.com	login	captcha	200	410484309	87571868	237042963	150	4272659	5
twitter.com	pw_rst/e/915480253/gfklWBTo9jM_i2eunkrzFgS38ec=-1357082887-user	0	200	410484688	87571868	237042963	17	4272659	5
youtube.com	/	watch	200	410422737	87571868	237042963	120	3718815	3
youtube.com	/	results	200	410479328	87571868	237042963	9	3718815	3
facebook.com	/	shay.duffett	200	410426958	87571868	237042963	5	8222324	3
facebook.com	ajax/pagelet/generic.php	MoreStoriesPagelet	200	410477264	87571868	237042963	58	14932183	3
facebook.com	/	/	200	410416614	87571868	237042963	6	6056310	3
facebook.com	/	/	200	410434018	87571868	237042963	14	6056310	5
facebook.com	/	/	302	410434015	87571868	237042963	3	6056310	3
tumblr.com	unlike	NaxddLy9	200	410419349	88495344	237571083	13	4499227	3
tumblr.com	upload	image	200	410416990	88495344	237571083	196	4499227	3
tumblr.com	dashboard/4	39361260650	200	410420249	88495344	237571083	35	4499227	3
tumblr.com	dashboard/4	39361590454	200	410420574	88495344	237571083	24	4499227	3
tumblr.com	/	dashboard	200	410416943	88495344	237571083	21	4499227	3
tumblr.com	/	dashboard	200	410418691	88495344	237571083	18	4499227	3
tumblr.com	dashboard/3	39361611596	200	410420541	88495344	237571083	33	4499227	3
tumblr.com	dashboard/3	39361377164	200	410420365	88495344	237571083	38	4499227	3
tumblr.com	dashboard/2	39359026608	200	410417729	88495344	237571083	105	4499227	3
facebook.com	/	/	200	410401009	88495344	237571083	17	6056310	3
facebook.com	ajax/pagelet/generic.php	MoreStoriesPagelet	200	410401063	88495344	237571083	35	14932183	3
tumblr.com	dashboard/6	39410715694	200	410478724	88495344	237571083	60	4499227	3
tumblr.com	/	/	200	410400961	88495344	237571083	22	4499227	3
tumblr.com	/	/	200	410418995	88495344	237571083	118	4499227	3
tumblr.com	blog/beensinkingallalong	3	200	410400006	88495344	237571083	8	4499227	3
