youtube.com	/	/	200	410408082	101406334	161219002	120	15276118	5
youtube.com	/	watch	200	410408230	101406334	161219002	95	3718815	3
youtube.com	/	watch	200	410408457	101406334	161219002	120	3718815	3
youtube.com	user	raygayo	200	410407940	101406334	161219002	48	3718815	3
youtube.com	/	results	200	410408763	101406334	161219002	24	3718815	3
youtube.com	/	results	200	410408215	101406334	161219002	15	3718815	3
youtube.com	/	watch	200	410404174	101577107	161221042	47	6928214	3
youtube.com	/	watch	200	410403997	101577107	161221042	177	6928214	3
youtube.com	/	watch	200	410406502	101577107	161221042	16	3718815	3
youtube.com	/	watch	200	410406518	101577107	161221042	24	3718815	3
youtube.com	/	watch	200	410482887	101577107	161221042	48	3718815	3
youtube.com	/	watch	200	410482687	106602803	161393818	123	3718815	3
youtube.com	/	results	200	410482810	106602803	161393818	34	3718815	3
youtube.com	/	/	200	410479574	111838937	161601802	2	6174440	3
youtube.com	/	/	200	410454169	111838937	161601802	5	6174440	3
youtube.com	/	/	200	410454229	111838937	161601802	4	6174440	3
instagram.com	p/T9Oy0iP7I8	/	200	410478443	111838937	161601802	15	9585106	3
facebook.com	media/set	/	200	410412998	111838937	161601802	120	3531701	3
youtube.com	/	watch	200	410479638	111838937	161601802	1	3718815	3
youtube.com	/	results	200	410479600	111838937	161601802	3	3718815	3
youtube.com	/	watch	200	410412470	111838937	161601802	3	3718815	3
youtube.com	/	watch	200	410454289	111838937	161601802	4	3718815	3
youtube.com	/	results	200	410412455	111838937	161601802	2	3718815	3
symantec.com	/	/	302	410412888	111838937	161601802	1	678064	5
youtube.com	/	results	200	410454267	111838937	161601802	3	3718815	3
tumblr.com	page	4	200	410453551	111838937	161601802	62	4499227	3
twitter.com	/	logout	302	410478670	111838937	161601802	88	4272659	5
twitter.com	/	/	200	410478627	111838937	161601802	43	4272659	5
twitter.com	/	/	200	410478574	111838937	161601802	43	4272659	5
twitter.com	settings	design	200	410478617	111838937	161601802	10	4272659	5
twitter.com	IM_JUST_PLAIN/status/286227502702141440/photo	1	200	410478563	111838937	161601802	11	4272659	5
youtube.com	/	results	200	410431063	108437996	161940082	10	3718815	3
youtube.com	/	watch	200	410431339	108437996	161940082	64	3718815	3
youtube.com	/	results	200	410430990	108437996	161940082	73	3718815	3
youtube.com	/	watch	200	410431073	108437996	161940082	128	3718815	3
youtube.com	/	watch	200	410430873	108437996	161940082	117	3718815	3
youtube.com	/	results	200	410431201	108437996	161940082	13	3718815	3
youtube.com	/	results	200	410431297	108437996	161940082	31	3718815	3
youtube.com	/	results	200	410430852	108437996	161940082	21	3718815	3
youtube.com	/	watch	200	410431214	108437996	161940082	83	3718815	3
youtube.com	/	results	200	410428883	108437996	161940082	9	3718815	3
youtube.com	/	results	200	410428859	108437996	161940082	13	3718815	3
youtube.com	/	/	200	410428824	108437996	161940082	35	6174440	3
youtube.com	api/stats	delayplay	204	410475636	122458978	162394834	112	3718815	3
youtube.com	/	watch	200	410475621	122458978	162394834	15	3718815	3
facebook.com	ajax/pagelet/generic.php	PhotoViewerPagelet	200	410476093	121926984	162406690	246	3927365	5
facebook.com	ajax/pagelet/generic.php	PhotoViewerPagelet	200	410476339	121926984	162406690	46	3927365	5
facebook.com	ajax/pagelet/generic.php	PhotoViewerPagelet	200	410476503	121926984	162406690	210	3927365	5
facebook.com	ajax/pagelet/generic.php	PhotoViewerPagelet	200	410476385	121926984	162406690	118	3927365	5
facebook.com	ajax/pagelet/generic.php	PhotoViewerPagelet	200	410476713	121926984	162406690	119	3927365	5
twitter.com	intent	tweet	200	410402267	125035763	162514930	5	4272659	3
youtube.com	/	watch	200	410400095	126207899	162570106	329	3718815	3
youtube.com	/	watch	200	410464186	129851981	162779866	120	7550008	3
youtube.com	/	watch	200	410463954	129851981	162779866	4	7550008	3
youtube.com	/	watch	200	410465117	129851981	162779866	26	6821014	3
youtube.com	/	watch	200	410463736	129851981	162779866	114	3718815	3
youtube.com	/	results	200	410463946	129851981	162779866	8	3718815	3
youtube.com	/	watch	200	410464930	129851981	162779866	22	3718815	3
youtube.com	/	results	200	410465104	129851981	162779866	13	3718815	3
instagram.com	p/T6M9-aNsSR	/	200	410406255	130418758	162798034	99	9585106	3
instagram.com	p/T4APUBSdtU	/	200	410406557	130418758	162798034	120	9585106	3
twitter.com	TotallySketch/status/285925827495993345/photo	1	302	410406750	130418758	162798034	50	4272659	3
twitter.com	/	/	200	410406807	130418758	162798034	14	4272659	5
twitter.com	TotallySketch/status/285926355022012417/photo	1	302	410406800	130418758	162798034	7	4272659	3
twitter.com	smoshanthony/status/285553275657412608/photo	1	200	410406715	130418758	162798034	15	4272659	5
twitter.com	/	/	200	410406730	130418758	162798034	20	4272659	5
twitter.com	Pewdie/status/285809901563961344/photo	1	200	410406156	130418758	162798034	21	4272659	5
twitter.com	/	/	200	410406177	130418758	162798034	78	4272659	5
amazon.com	gp/bit/apps/alexa/PING	ping?tagbase=bds-p14&tbId=gO5Mg1oMzk00w3&thirdpartyid=&plugin=amzng-2.2.2012.275	200	410467216	132102859	162833050	0	671065	3
amazon.com	gp/bit/toolbar	3.0	200	410467216	132102859	162833050	1	671065	3
amazon.com	gp/bit/apps/alexa/PING	ping?tagbase=bds-p14&tbId=gO5Mg1oMzk00w3&thirdpartyid=&plugin=amzng-2.2.2012.275	200	410470816	132102859	162833050	0	671065	3
amazon.com	gp/bit/toolbar	3.0	200	410470816	132102859	162833050	43	671065	3
facebook.com	/	/	302	410485635	132112840	162834754	1	6056310	3
facebook.com	/	/	200	410485636	132112840	162834754	3	6056310	5
facebook.com	/	/	302	410481392	132629686	162850306	120	6056310	3
youtube.com	/	/	200	410404043	133197826	162890434	44	6174440	3
youtube.com	/	/	200	410403956	133197826	162890434	87	6174440	3
weeworld.com	home	/	200	410404146	133197826	162890434	19	3733053	3
weeworld.com	/	/	200	410403904	133197826	162890434	44	3733053	3
weeworld.com	home	/	200	410404087	133197826	162890434	57	3733053	3
weeworld.com	/	default.aspx	302	410404144	133197826	162890434	2	3733053	3
weeworld.com	home	/	200	410404165	133197826	162890434	120	3733053	3
facebook.com	ajax/pagelet/generic.php	MoreStoriesPagelet	200	410436199	126561658	162893050	119	14932183	5
facebook.com	events	list	200	410436318	126561658	162893050	60	5713857	5
facebook.com	/	DomoxPrettyboyxWilson	200	410436532	126561658	162893050	120	5713857	5
facebook.com	/	/	200	410436131	126561658	162893050	68	5713857	5
facebook.com	events	list	200	410436461	126561658	162893050	71	5713857	5
facebook.com	events/429627093775153	/	200	410436378	126561658	162893050	83	5713857	5
facebook.com	/	DomoxPrettyboyxWilson	200	410437420	126561658	162893050	120	3531701	5
youtube.com	/	results	200	410410736	126561658	162893050	13	3718815	3
youtube.com	/	watch	200	410411161	126561658	162893050	17	3718815	3
youtube.com	/	watch	200	410411385	126561658	162893050	12	3718815	3
youtube.com	/	watch	200	410410685	126561658	162893050	6	3718815	3
youtube.com	/	watch	200	410410754	126561658	162893050	7	3718815	3
youtube.com	/	watch	200	410411270	126561658	162893050	10	3718815	3
youtube.com	/	results	200	410411247	126561658	162893050	19	3718815	3
twitter.com	/	/	200	410480578	130995916	162893290	120	4272659	5
twitter.com	/	followers	200	410480144	130995916	162893290	9	4272659	5
twitter.com	/	following	200	410480158	130995916	162893290	5	4272659	5
twitter.com	/	MariahCarey	200	410480534	130995916	162893290	44	4272659	5
twitter.com	/	AndreyaKing	200	410480153	130995916	162893290	5	4272659	5
twitter.com	i	/	200	410480257	130995916	162893290	277	4272659	5
twitter.com	/	/	200	410480097	130995916	162893290	47	4272659	5
twitter.com	/	MariahCarey	200	410480241	130995916	162893290	15	4272659	5
twitter.com	/	/	200	410480256	130995916	162893290	1	4272659	5
twitter.com	/	/	200	410479993	130995916	162893290	22	4272659	3
twitter.com	/	sessions	302	410480015	130995916	162893290	70	4272659	5
facebook.com	ajax/pagelet/generic.php	PhotoViewerPagelet	200	410478378	68916323	206121970	273	3927365	5
facebook.com	ajax/pagelet/generic.php	PhotoViewerPagelet	200	410479081	68916323	206121970	43	3927365	5
facebook.com	ajax/pagelet/generic.php	PhotoViewerInitPagelet	200	410477106	68916323	206121970	210	3927365	5
facebook.com	/	/	200	410478026	68916323	206121970	69	3531701	5
facebook.com	/	/	200	410469718	68916323	206121970	24	3531701	5
facebook.com	/	/	200	410476533	68916323	206121970	1	3531701	5
facebook.com	dialog	apprequests	200	410476609	68916323	206121970	26	3531701	5
facebook.com	dialog	apprequests	200	410471097	68916323	206121970	27	3531701	5
facebook.com	dialog	apprequests	200	410403702	68916323	206121970	15	3531701	5
facebook.com	/	/	200	410471280	68916323	206121970	17	3531701	5
facebook.com	ajax/pagelet/generic.php	PhotoViewerInitPagelet	200	410478144	68916323	206121970	234	3927365	5
facebook.com	ajax/pagelet/generic.php	PhotoViewerPagelet	200	410478651	68916323	206121970	120	3927365	5
facebook.com	ajax/home	generic.php	200	410471268	68916323	206121970	3	4408844	5
facebook.com	ajax/home	generic.php	200	410471331	68916323	206121970	60	4408844	5
facebook.com	ajax/pagelet/generic.php	PhotoViewerPagelet	200	410477316	68916323	206121970	120	3927365	5
facebook.com	ajax/pagelet/generic.php	MoreStoriesPagelet	200	410403805	68916323	206121970	28	14932183	5
facebook.com	ajax/pagelet/generic.php	ProfileTimelineSectionPagelet	200	410477830	68916323	206121970	120	13704975	5
facebook.com	messages	/	200	410476351	68916323	206121970	50	11157922	5
facebook.com	ea_scrabble_closed	/	200	410469881	68916323	206121970	120	7212381	5
facebook.com	ea_scrabble_closed	/	200	410476405	68916323	206121970	120	7212381	5
facebook.com	ea_scrabble_closed	/	200	410403522	68916323	206121970	120	7212381	5
facebook.com	/	/	200	410468836	68916323	206121970	120	6056310	5
facebook.com	/	/	200	410471297	68916323	206121970	34	6056310	5
facebook.com	/	/	200	410400542	68916323	206121970	87	6056310	5
facebook.com	/	/	200	410400009	68916323	206121970	120	6056310	5
facebook.com	ajax/pagelet/generic.php	MoreStoriesPagelet	200	410477720	68916323	206121970	110	14932183	5
facebook.com	ajax/pagelet/generic.php	MoreStoriesPagelet	200	410477045	68916323	206121970	61	14932183	5
facebook.com	ajax/pagelet/generic.php	MoreStoriesPagelet	200	410477003	68916323	206121970	4	14932183	5
facebook.com	ajax/pagelet/generic.php	MoreStoriesPagelet	200	410403774	68916323	206121970	31	14932183	5
facebook.com	ajax/pagelet/generic.php	MoreStoriesPagelet	200	410471214	68916323	206121970	20	14932183	5
facebook.com	ajax/pagelet/generic.php	MoreStoriesPagelet	200	410478026	68916323	206121970	0	14932183	5
facebook.com	ajax/pagelet/generic.php	MoreStoriesPagelet	200	410400430	68916323	206121970	33	14932183	5
facebook.com	ajax/pagelet/generic.php	MoreStoriesPagelet	200	410471234	68916323	206121970	31	14932183	5
facebook.com	ajax/pagelet/generic.php	MoreStoriesPagelet	200	410477007	68916323	206121970	38	14932183	5
facebook.com	ajax/pagelet/generic.php	MoreStoriesPagelet	200	410403759	68916323	206121970	15	14932183	5
facebook.com	ajax/pagelet/generic.php	MoreStoriesPagelet	200	410479124	68916323	206121970	120	14932183	5
facebook.com	ajax/pagelet/generic.php	MoreStoriesPagelet	200	410479854	68916323	206121970	77	14932183	5
facebook.com	ajax/pagelet/generic.php	MoreStoriesPagelet	200	410400463	68916323	206121970	10	14932183	5
facebook.com	/	/	200	410469742	68916323	206121970	120	6056310	5
facebook.com	/	/	200	410468814	68916323	206121970	22	3531701	5
facebook.com	/	/	200	410403717	68916323	206121970	42	3531701	5
facebook.com	dialog	apprequests	200	410471145	68916323	206121970	5	3531701	5
facebook.com	dialog	apprequests	200	410471124	68916323	206121970	21	3531701	5
facebook.com	kelly.hamon.3/posts	264681900324508	200	410403481	68916323	206121970	38	3531701	5
facebook.com	/	brenda.c.black	200	410468740	68916323	206121970	55	3531701	5
facebook.com	/	/	200	410403701	68916323	206121970	1	3531701	5
facebook.com	/	/	200	410476534	68916323	206121970	1	3531701	5
facebook.com	/	/	200	410471150	68916323	206121970	21	3531701	5
facebook.com	dialog	apprequests	200	410476535	68916323	206121970	12	3531701	5
facebook.com	/	reqs.php	200	410476315	68916323	206121970	36	3531701	5
facebook.com	/	/	200	410471171	68916323	206121970	43	3531701	5
facebook.com	/	/	200	410471271	68916323	206121970	1	3531701	5
facebook.com	dialog	apprequests	200	410471077	68916323	206121970	20	3531701	5
facebook.com	/	/	200	410476635	68916323	206121970	120	3531701	5
facebook.com	/	/	200	410400515	68916323	206121970	27	3531701	5
facebook.com	/	betty.lett.7	200	410478095	68916323	206121970	49	3531701	5
facebook.com	dialog	apprequests	200	410476547	68916323	206121970	62	3531701	5
youtube.com	/	/	200	410422311	72095636	211421818	38	6174440	3
youtube.com	/	/	200	410422349	72095636	211421818	120	6174440	3
facebook.com	/	/	200	410481909	72095636	211421818	41	6056310	5
facebook.com	/	/	302	410481907	72095636	211421818	2	6056310	3
facebook.com	/	/	200	410423657	72095636	211421818	78	6056310	5
facebook.com	/	/	302	410423645	72095636	211421818	12	6056310	3
facebook.com	/	/	200	410473697	72095636	211421818	12	5713857	5
facebook.com	leeoh.covarrubias/posts	403347996416766	200	410426954	72095636	211421818	48	5713857	5
facebook.com	/	/	200	410426545	72095636	211421818	120	5713857	5
facebook.com	/	/	200	410423841	72095636	211421818	68	5713857	5
facebook.com	/	/	200	410427002	72095636	211421818	120	5713857	5
facebook.com	leeoh.covarrubias/posts	403645909720308	200	410481950	72095636	211421818	19	5713857	5
facebook.com	messages	/	200	410423800	72095636	211421818	41	5713857	5
facebook.com	messages	/	200	410426137	72095636	211421818	120	5713857	5
facebook.com	/	leeoh.covarrubias	200	410473626	72095636	211421818	21	5713857	5
facebook.com	/	/	200	410481969	72095636	211421818	60	5713857	5
facebook.com	messages	/	200	410426535	72095636	211421818	10	5713857	5
facebook.com	/	/	200	410426445	72095636	211421818	41	5713857	5
facebook.com	ajax/home	generic.php	200	410429311	72095636	211421818	8	4408844	5
youtube.com	/	/	200	410426263	72095636	211421818	120	6174440	3
facebook.com	messages	/	200	410473585	72095636	211421818	41	11157922	5
facebook.com	ajax/pagelet/generic.php	ProfileTimelineSectionPagelet	200	410473647	72095636	211421818	50	13704975	5
facebook.com	ajax/pagelet/generic.php	MoreStoriesPagelet	200	410429275	72095636	211421818	6	14932183	5
facebook.com	ajax/pagelet/generic.php	MoreStoriesPagelet	200	410429239	72095636	211421818	36	14932183	5
facebook.com	ajax/pagelet/generic.php	MoreStoriesPagelet	200	410429281	72095636	211421818	30	14932183	5
facebook.com	ajax/pagelet/generic.php	MoreStoriesPagelet	200	410429523	72095636	211421818	120	14932183	5
facebook.com	ajax/pagelet/generic.php	MoreStoriesPagelet	200	410473859	72095636	211421818	10	14932183	5
facebook.com	ajax/pagelet/generic.php	MoreStoriesPagelet	200	410473944	72095636	211421818	60	14932183	5
facebook.com	ajax/pagelet/generic.php	MoreStoriesPagelet	200	410429508	72095636	211421818	15	14932183	5
facebook.com	ajax/pagelet/generic.php	MoreStoriesPagelet	200	410426920	72095636	211421818	34	14932183	5
facebook.com	ajax/pagelet/generic.php	MoreStoriesPagelet	200	410424485	72095636	211421818	120	14932183	5
facebook.com	ajax/pagelet/generic.php	MoreStoriesPagelet	200	410426861	72095636	211421818	33	14932183	5
facebook.com	ajax/pagelet/generic.php	MoreStoriesPagelet	200	410430159	72095636	211421818	23	14932183	5
facebook.com	ajax/pagelet/generic.php	MoreStoriesPagelet	200	410473883	72095636	211421818	61	14932183	5
facebook.com	ajax/pagelet/generic.php	MoreStoriesPagelet	200	410429501	72095636	211421818	7	14932183	5
facebook.com	ajax/pagelet/generic.php	MoreStoriesPagelet	200	410430182	72095636	211421818	60	14932183	5
facebook.com	ajax/pagelet/generic.php	MoreStoriesPagelet	200	410426894	72095636	211421818	26	14932183	5
facebook.com	ajax/pagelet/generic.php	MoreStoriesPagelet	200	410428380	72095636	211421818	52	14932183	5
facebook.com	ajax/pagelet/generic.php	MoreStoriesPagelet	200	410428432	72095636	211421818	31	14932183	5
facebook.com	ajax/pagelet/generic.php	MoreStoriesPagelet	200	410473869	72095636	211421818	14	14932183	5
facebook.com	ajax/pagelet/generic.php	MoreStoriesPagelet	200	410429346	72095636	211421818	120	14932183	5
facebook.com	ajax/home	generic.php	200	410430148	72095636	211421818	11	4408844	5
facebook.com	ajax/home	generic.php	200	410473709	72095636	211421818	56	4408844	5
facebook.com	ajax/home	generic.php	200	410428345	72095636	211421818	7	4408844	5
facebook.com	ajax/home	generic.php	200	410429496	72095636	211421818	5	4408844	5
facebook.com	ajax/home	generic.php	200	410429202	72095636	211421818	14	4408844	5
facebook.com	ajax/home	generic.php	200	410429216	72095636	211421818	23	4408844	5
facebook.com	ajax/pagelet/generic.php	PhotoViewerInitPagelet	200	410428463	72095636	211421818	31	3927365	5
youtube.com	/	results	200	410422551	72095636	211421818	8	3718815	3
youtube.com	/	results	200	410422717	72095636	211421818	6	3718815	3
youtube.com	/	watch	200	410426087	72095636	211421818	50	3718815	3
youtube.com	/	watch	200	410422559	72095636	211421818	158	3718815	3
youtube.com	/	results	200	410423930	72095636	211421818	10	3718815	3
youtube.com	/	watch	200	410423940	72095636	211421818	110	3718815	3
youtube.com	/	watch	200	410424628	72095636	211421818	600	3718815	3
youtube.com	/	watch	200	410424299	72095636	211421818	120	3718815	3
youtube.com	/	watch	200	410424050	72095636	211421818	249	3718815	3
youtube.com	/	results	200	410423003	72095636	211421818	10	3718815	3
youtube.com	/	watch	200	410422723	72095636	211421818	22	3718815	3
youtube.com	/	results	200	410422766	72095636	211421818	9	3718815	3
youtube.com	/	watch	200	410422775	72095636	211421818	228	3718815	3
youtube.com	/	results	200	410422745	72095636	211421818	21	3718815	3
youtube.com	/	watch	200	410423013	72095636	211421818	120	3718815	3
facebook.com	ajax/home	generic.php	200	410429468	72095636	211421818	28	4408844	5
facebook.com	ajax/home	generic.php	200	410423792	72095636	211421818	8	4408844	5
facebook.com	ajax/home	generic.php	200	410423735	72095636	211421818	57	4408844	5
facebook.com	ajax/home	generic.php	200	410430132	72095636	211421818	16	4408844	5
facebook.com	ajax/home	generic.php	200	410428494	72095636	211421818	433	4408844	5
facebook.com	ajax/home	generic.php	200	410426780	72095636	211421818	73	4408844	5
facebook.com	ajax/home	generic.php	200	410428932	72095636	211421818	75	4408844	5
facebook.com	ajax/home	generic.php	200	410430128	72095636	211421818	4	4408844	5
facebook.com	ajax/home	generic.php	200	410473816	72095636	211421818	43	4408844	5
facebook.com	ajax/home	generic.php	200	410429042	72095636	211421818	160	4408844	5
facebook.com	ajax/home	generic.php	200	410424419	72095636	211421818	59	4408844	5
facebook.com	ajax/home	generic.php	200	410429007	72095636	211421818	35	4408844	5
facebook.com	ajax/home	generic.php	200	410429319	72095636	211421818	27	4408844	5
facebook.com	ajax/home	generic.php	200	410473765	72095636	211421818	51	4408844	5
facebook.com	ajax/home	generic.php	200	410473261	72095636	211421818	120	4408844	5
facebook.com	ajax/home	generic.php	200	410424478	72095636	211421818	7	4408844	5
facebook.com	ajax/home	generic.php	200	410423909	72095636	211421818	21	4408844	5
facebook.com	ajax/home	generic.php	200	410428274	72095636	211421818	71	4408844	5
facebook.com	ajax/home	generic.php	200	410426486	72095636	211421818	49	4408844	5
facebook.com	ajax/home	generic.php	200	410428352	72095636	211421818	28	4408844	5
facebook.com	ajax/home	generic.php	200	410428927	72095636	211421818	5	4408844	5
facebook.com	ajax/home	generic.php	200	410426853	72095636	211421818	8	4408844	5
facebook.com	ajax/pagelet/generic.php	MoreStoriesPagelet	200	410479779	82651596	225063826	26	14932183	3
facebook.com	ajax/pagelet/generic.php	MoreStoriesPagelet	200	410466506	82651596	225063826	7	14932183	3
facebook.com	ajax/pagelet/generic.php	MoreStoriesPagelet	200	410425484	82651596	225063826	6	14932183	3
facebook.com	ajax/pagelet/generic.php	MoreStoriesPagelet	200	410425499	82651596	225063826	14	14932183	3
facebook.com	ajax/pagelet/generic.php	MoreStoriesPagelet	200	410479823	82651596	225063826	12	14932183	3
facebook.com	ajax/pagelet/generic.php	MoreStoriesPagelet	200	410479558	82651596	225063826	5	14932183	3
facebook.com	ajax/pagelet/generic.php	MoreStoriesPagelet	200	410481516	82651596	225063826	13	14932183	3
facebook.com	ajax/pagelet/generic.php	MoreStoriesPagelet	200	410466500	82651596	225063826	6	14932183	3
facebook.com	ajax/pagelet/generic.php	MoreStoriesPagelet	200	410400721	82651596	225063826	9	14932183	3
facebook.com	ajax/pagelet/generic.php	MoreStoriesPagelet	200	410424763	82651596	225063826	8	14932183	5
facebook.com	ajax/pagelet/generic.php	MoreStoriesPagelet	200	410484385	82651596	225063826	4	14932183	3
facebook.com	ajax/pagelet/generic.php	MoreStoriesPagelet	200	410483676	82651596	225063826	6	14932183	3
facebook.com	ajax/pagelet/generic.php	MoreStoriesPagelet	200	410484538	82651596	225063826	7	14932183	3
facebook.com	ajax/pagelet/generic.php	MoreStoriesPagelet	200	410425727	82651596	225063826	6	14932183	3
facebook.com	ajax/pagelet/generic.php	MoreStoriesPagelet	200	410417751	82651596	225063826	12	14932183	3
facebook.com	ajax/pagelet/generic.php	MoreStoriesPagelet	200	410466525	82651596	225063826	11	14932183	3
facebook.com	ajax/pagelet/generic.php	MoreStoriesPagelet	200	410414117	82651596	225063826	7	14932183	3
facebook.com	ajax/pagelet/generic.php	MoreStoriesPagelet	200	410484347	82651596	225063826	5	14932183	3
facebook.com	ajax/pagelet/generic.php	MoreStoriesPagelet	200	410484470	82651596	225063826	8	14932183	3
facebook.com	ajax/pagelet/generic.php	MoreStoriesPagelet	200	410424818	82651596	225063826	13	14932183	5
facebook.com	ajax/pagelet/generic.php	MoreStoriesPagelet	200	410425716	82651596	225063826	7	14932183	3
facebook.com	ajax/pagelet/generic.php	MoreStoriesPagelet	200	410479503	82651596	225063826	55	14932183	3
facebook.com	ajax/pagelet/generic.php	MoreStoriesPagelet	200	410484389	82651596	225063826	6	14932183	3
facebook.com	ajax/pagelet/generic.php	MoreStoriesPagelet	200	410480464	82651596	225063826	4	14932183	3
facebook.com	ajax/pagelet/generic.php	MoreStoriesPagelet	200	410421586	82651596	225063826	9	14932183	3
facebook.com	ajax/pagelet/generic.php	MoreStoriesPagelet	200	410476304	82651596	225063826	10	14932183	3
facebook.com	ajax/pagelet/generic.php	MoreStoriesPagelet	200	410484692	82651596	225063826	7	14932183	3
facebook.com	ajax/pagelet/generic.php	MoreStoriesPagelet	200	410425755	82651596	225063826	33	14932183	3
facebook.com	ajax/pagelet/generic.php	MoreStoriesPagelet	200	410484625	82651596	225063826	15	14932183	3
facebook.com	ajax/pagelet/generic.php	MoreStoriesPagelet	200	410479045	82651596	225063826	8	14932183	3
facebook.com	ajax/pagelet/generic.php	MoreStoriesPagelet	200	410417866	82651596	225063826	60	14932183	3
facebook.com	ajax/pagelet/generic.php	MoreStoriesPagelet	200	410425733	82651596	225063826	6	14932183	3
facebook.com	ajax/pagelet/generic.php	MoreStoriesPagelet	200	410414642	82651596	225063826	21	14932183	3
facebook.com	ajax/pagelet/generic.php	MoreStoriesPagelet	200	410414217	82651596	225063826	14	14932183	3
facebook.com	ajax/pagelet/generic.php	MoreStoriesPagelet	200	410479762	82651596	225063826	17	14932183	3
facebook.com	ajax/pagelet/generic.php	MoreStoriesPagelet	200	410484137	82651596	225063826	108	14932183	3
facebook.com	ajax/pagelet/generic.php	MoreStoriesPagelet	200	410484699	82651596	225063826	10	14932183	3
facebook.com	ajax/pagelet/generic.php	MoreStoriesPagelet	200	410401003	82651596	225063826	120	14932183	3
facebook.com	ajax/pagelet/generic.php	MoreStoriesPagelet	200	410483682	82651596	225063826	7	14932183	3
facebook.com	ajax/pagelet/generic.php	MoreStoriesPagelet	200	410424783	82651596	225063826	7	14932183	5
facebook.com	ajax/pagelet/generic.php	MoreStoriesPagelet	200	410417582	82651596	225063826	9	14932183	3
facebook.com	ajax/pagelet/generic.php	MoreStoriesPagelet	200	410483714	82651596	225063826	63	14932183	3
facebook.com	ajax/pagelet/generic.php	MoreStoriesPagelet	200	410414632	82651596	225063826	10	14932183	3
facebook.com	ajax/pagelet/generic.php	MoreStoriesPagelet	200	410476330	82651596	225063826	30	14932183	3
facebook.com	ajax/pagelet/generic.php	MoreStoriesPagelet	200	410484617	82651596	225063826	8	14932183	3
facebook.com	ajax/pagelet/generic.php	MoreStoriesPagelet	200	410484245	82651596	225063826	7	14932183	3
facebook.com	ajax/pagelet/generic.php	MoreStoriesPagelet	200	410476499	82651596	225063826	44	14932183	3
facebook.com	ajax/pagelet/generic.php	MoreStoriesPagelet	200	410480468	82651596	225063826	4	14932183	3
facebook.com	ajax/pagelet/generic.php	MoreStoriesPagelet	200	410417706	82651596	225063826	15	14932183	3
facebook.com	ajax/pagelet/generic.php	MoreStoriesPagelet	200	410400745	82651596	225063826	9	14932183	3
facebook.com	ajax/pagelet/generic.php	MoreStoriesPagelet	200	410417629	82651596	225063826	7	14932183	3
facebook.com	ajax/pagelet/generic.php	MoreStoriesPagelet	200	410484316	82651596	225063826	8	14932183	3
facebook.com	ajax/pagelet/generic.php	MoreStoriesPagelet	200	410484357	82651596	225063826	6	14932183	3
facebook.com	ajax/pagelet/generic.php	MoreStoriesPagelet	200	410484525	82651596	225063826	7	14932183	3
facebook.com	ajax/pagelet/generic.php	MoreStoriesPagelet	200	410414276	82651596	225063826	9	14932183	3
facebook.com	ajax/pagelet/generic.php	MoreStoriesPagelet	200	410400774	82651596	225063826	229	14932183	3
facebook.com	ajax/pagelet/generic.php	MoreStoriesPagelet	200	410466553	82651596	225063826	40	14932183	3
facebook.com	ajax/pagelet/generic.php	MoreStoriesPagelet	200	410425476	82651596	225063826	8	14932183	3
facebook.com	ajax/pagelet/generic.php	MoreStoriesPagelet	200	410484363	82651596	225063826	17	14932183	3
facebook.com	ajax/pagelet/generic.php	MoreStoriesPagelet	200	410479685	82651596	225063826	35	14932183	3
facebook.com	ajax/pagelet/generic.php	MoreStoriesPagelet	200	410484105	82651596	225063826	32	14932183	3
facebook.com	ajax/pagelet/generic.php	MoreStoriesPagelet	200	410483590	82651596	225063826	21	14932183	3
facebook.com	ajax/pagelet/generic.php	MoreStoriesPagelet	200	410484425	82651596	225063826	36	14932183	3
facebook.com	ajax/pagelet/generic.php	MoreStoriesPagelet	200	410414614	82651596	225063826	6	14932183	3
facebook.com	ajax/pagelet/generic.php	MoreStoriesPagelet	200	410421536	82651596	225063826	10	14932183	3
facebook.com	ajax/pagelet/generic.php	MoreStoriesPagelet	200	410414249	82651596	225063826	14	14932183	3
facebook.com	ajax/pagelet/generic.php	MoreStoriesPagelet	200	410424771	82651596	225063826	5	14932183	5
facebook.com	ajax/pagelet/generic.php	MoreStoriesPagelet	200	410476314	82651596	225063826	7	14932183	3
facebook.com	ajax/pagelet/generic.php	MoreStoriesPagelet	200	410484669	82651596	225063826	9	14932183	3
facebook.com	ajax/pagelet/generic.php	MoreStoriesPagelet	200	410466536	82651596	225063826	17	14932183	3
facebook.com	ajax/pagelet/generic.php	MoreStoriesPagelet	200	410421595	82651596	225063826	10	14932183	3
facebook.com	ajax/pagelet/generic.php	MoreStoriesPagelet	200	410466121	82651596	225063826	8	14932183	3
facebook.com	ajax/pagelet/generic.php	MoreStoriesPagelet	200	410414663	82651596	225063826	55	14932183	3
facebook.com	ajax/pagelet/generic.php	MoreStoriesPagelet	200	410479741	82651596	225063826	13	14932183	3
facebook.com	ajax/pagelet/generic.php	MoreStoriesPagelet	200	410473588	82651596	225063826	9	14932183	3
facebook.com	ajax/pagelet/generic.php	MoreStoriesPagelet	200	410481493	82651596	225063826	23	14932183	3
facebook.com	ajax/pagelet/generic.php	MoreStoriesPagelet	200	410479035	82651596	225063826	6	14932183	3
facebook.com	ajax/pagelet/generic.php	MoreStoriesPagelet	200	410484561	82651596	225063826	11	14932183	3
facebook.com	ajax/pagelet/generic.php	MoreStoriesPagelet	200	410466139	82651596	225063826	34	14932183	3
facebook.com	ajax/pagelet/generic.php	MoreStoriesPagelet	200	410417624	82651596	225063826	5	14932183	3
facebook.com	ajax/pagelet/generic.php	MoreStoriesPagelet	200	410425513	82651596	225063826	9	14932183	3
facebook.com	ajax/pagelet/generic.php	MoreStoriesPagelet	200	410479081	82651596	225063826	6	14932183	3
facebook.com	ajax/pagelet/generic.php	MoreStoriesPagelet	200	410425490	82651596	225063826	9	14932183	3
facebook.com	ajax/pagelet/generic.php	MoreStoriesPagelet	200	410473890	82651596	225063826	191	14932183	3
facebook.com	ajax/pagelet/generic.php	MoreStoriesPagelet	200	410484600	82651596	225063826	8	14932183	3
facebook.com	ajax/pagelet/generic.php	MoreStoriesPagelet	200	410484709	82651596	225063826	11	14932183	3
facebook.com	ajax/pagelet/generic.php	MoreStoriesPagelet	200	410417763	82651596	225063826	28	14932183	3
facebook.com	ajax/pagelet/generic.php	MoreStoriesPagelet	200	410417735	82651596	225063826	8	14932183	3
facebook.com	ajax/pagelet/generic.php	MoreStoriesPagelet	200	410484545	82651596	225063826	16	14932183	3
facebook.com	ajax/pagelet/generic.php	MoreStoriesPagelet	200	410421578	82651596	225063826	8	14932183	3
facebook.com	ajax/pagelet/generic.php	MoreStoriesPagelet	200	410479610	82651596	225063826	7	14932183	3
facebook.com	ajax/pagelet/generic.php	MoreStoriesPagelet	200	410414625	82651596	225063826	7	14932183	3
facebook.com	ajax/pagelet/generic.php	MoreStoriesPagelet	200	410484352	82651596	225063826	5	14932183	3
facebook.com	ajax/pagelet/generic.php	MoreStoriesPagelet	200	410480454	82651596	225063826	5	14932183	3
facebook.com	ajax/pagelet/generic.php	MoreStoriesPagelet	200	410483777	82651596	225063826	55	14932183	3
facebook.com	ajax/pagelet/generic.php	MoreStoriesPagelet	200	410421605	82651596	225063826	14	14932183	3
facebook.com	ajax/pagelet/generic.php	MoreStoriesPagelet	200	410400754	82651596	225063826	7	14932183	3
facebook.com	ajax/pagelet/generic.php	MoreStoriesPagelet	200	410466104	82651596	225063826	9	14932183	3
facebook.com	ajax/pagelet/generic.php	MoreStoriesPagelet	200	410484478	82651596	225063826	5	14932183	3
facebook.com	ajax/pagelet/generic.php	MoreStoriesPagelet	200	410466488	82651596	225063826	12	14932183	3
facebook.com	ajax/pagelet/generic.php	MoreStoriesPagelet	200	410466129	82651596	225063826	10	14932183	3
facebook.com	ajax/pagelet/generic.php	MoreStoriesPagelet	200	410479087	82651596	225063826	15	14932183	3
facebook.com	ajax/pagelet/generic.php	MoreStoriesPagelet	200	410483707	82651596	225063826	7	14932183	3
facebook.com	ajax/pagelet/generic.php	MoreStoriesPagelet	200	410466513	82651596	225063826	12	14932183	3
facebook.com	ajax/pagelet/generic.php	MoreStoriesPagelet	200	410480441	82651596	225063826	6	14932183	3
facebook.com	ajax/pagelet/generic.php	MoreStoriesPagelet	200	410484660	82651596	225063826	9	14932183	3
facebook.com	ajax/pagelet/generic.php	MoreStoriesPagelet	200	410484532	82651596	225063826	6	14932183	3
facebook.com	ajax/pagelet/generic.php	MoreStoriesPagelet	200	410417743	82651596	225063826	8	14932183	3
facebook.com	ajax/pagelet/generic.php	MoreStoriesPagelet	200	410484647	82651596	225063826	13	14932183	3
facebook.com	ajax/pagelet/generic.php	MoreStoriesPagelet	200	410425699	82651596	225063826	17	14932183	3
facebook.com	ajax/pagelet/generic.php	MoreStoriesPagelet	200	410476321	82651596	225063826	9	14932183	3
facebook.com	ajax/pagelet/generic.php	MoreStoriesPagelet	200	410483689	82651596	225063826	18	14932183	3
facebook.com	ajax/pagelet/generic.php	MoreStoriesPagelet	200	410479617	82651596	225063826	10	14932183	3
facebook.com	ajax/pagelet/generic.php	MoreStoriesPagelet	200	410479053	82651596	225063826	16	14932183	3
facebook.com	ajax/pagelet/generic.php	MoreStoriesPagelet	200	410479579	82651596	225063826	10	14932183	3
facebook.com	ajax/pagelet/generic.php	MoreStoriesPagelet	200	410421619	82651596	225063826	60	14932183	3
facebook.com	ajax/pagelet/generic.php	MoreStoriesPagelet	200	410466479	82651596	225063826	9	14932183	3
facebook.com	ajax/pagelet/generic.php	MoreStoriesPagelet	200	410479041	82651596	225063826	4	14932183	3
facebook.com	ajax/pagelet/generic.php	MoreStoriesPagelet	200	410425695	82651596	225063826	4	14932183	3
facebook.com	ajax/pagelet/generic.php	MoreStoriesPagelet	200	410476260	82651596	225063826	32	14932183	3
facebook.com	ajax/pagelet/generic.php	MoreStoriesPagelet	200	410481529	82651596	225063826	120	14932183	3
facebook.com	ajax/pagelet/generic.php	MoreStoriesPagelet	200	410479569	82651596	225063826	4	14932183	3
facebook.com	ajax/pagelet/generic.php	MoreStoriesPagelet	200	410417591	82651596	225063826	12	14932183	3
facebook.com	ajax/pagelet/generic.php	MoreStoriesPagelet	200	410484678	82651596	225063826	14	14932183	3
facebook.com	ajax/pagelet/generic.php	MoreStoriesPagelet	200	410484640	82651596	225063826	7	14932183	3
facebook.com	ajax/pagelet/generic.php	MoreStoriesPagelet	200	410484757	82651596	225063826	60	14932183	3
facebook.com	ajax/pagelet/generic.php	MoreStoriesPagelet	200	410483662	82651596	225063826	6	14932183	3
facebook.com	ajax/pagelet/generic.php	MoreStoriesPagelet	200	410421510	82651596	225063826	26	14932183	3
facebook.com	ajax/pagelet/generic.php	MoreStoriesPagelet	200	410400766	82651596	225063826	8	14932183	3
facebook.com	ajax/pagelet/generic.php	MoreStoriesPagelet	200	410474081	82651596	225063826	120	14932183	3
facebook.com	ajax/pagelet/generic.php	MoreStoriesPagelet	200	410400740	82651596	225063826	5	14932183	3
facebook.com	ajax/pagelet/generic.php	MoreStoriesPagelet	200	410479657	82651596	225063826	28	14932183	3
facebook.com	ajax/pagelet/generic.php	MoreStoriesPagelet	200	410476543	82651596	225063826	31	14932183	3
facebook.com	ajax/pagelet/generic.php	MoreStoriesPagelet	200	410421500	82651596	225063826	10	14932183	3
facebook.com	ajax/pagelet/generic.php	MoreStoriesPagelet	200	410414610	82651596	225063826	4	14932183	3
facebook.com	ajax/pagelet/generic.php	MoreStoriesPagelet	200	410473759	82651596	225063826	42	14932183	3
facebook.com	ajax/pagelet/generic.php	MoreStoriesPagelet	200	410466189	82651596	225063826	70	14932183	3
facebook.com	ajax/pagelet/generic.php	MoreStoriesPagelet	200	410414620	82651596	225063826	5	14932183	3
facebook.com	ajax/pagelet/generic.php	MoreStoriesPagelet	200	410484581	82651596	225063826	11	14932183	3
facebook.com	ajax/pagelet/generic.php	MoreStoriesPagelet	200	410424776	82651596	225063826	7	14932183	5
facebook.com	ajax/pagelet/generic.php	MoreStoriesPagelet	200	410479720	82651596	225063826	21	14932183	3
facebook.com	ajax/pagelet/generic.php	MoreStoriesPagelet	200	410425739	82651596	225063826	16	14932183	3
facebook.com	ajax/pagelet/generic.php	MoreStoriesPagelet	200	410484341	82651596	225063826	6	14932183	3
facebook.com	ajax/pagelet/generic.php	MoreStoriesPagelet	200	410484496	82651596	225063826	11	14932183	3
facebook.com	ajax/pagelet/generic.php	MoreStoriesPagelet	200	410479605	82651596	225063826	5	14932183	3
facebook.com	ajax/pagelet/generic.php	MoreStoriesPagelet	200	410414285	82651596	225063826	6	14932183	3
facebook.com	ajax/pagelet/generic.php	MoreStoriesPagelet	200	410425723	82651596	225063826	4	14932183	3
facebook.com	ajax/pagelet/generic.php	MoreStoriesPagelet	200	410478932	82651596	225063826	92	14932183	3
facebook.com	ajax/pagelet/generic.php	MoreStoriesPagelet	200	410479102	82651596	225063826	10	14932183	3
facebook.com	ajax/pagelet/generic.php	MoreStoriesPagelet	200	410414263	82651596	225063826	13	14932183	3
facebook.com	ajax/pagelet/generic.php	MoreStoriesPagelet	200	410479627	82651596	225063826	30	14932183	3
facebook.com	ajax/pagelet/generic.php	MoreStoriesPagelet	200	410466173	82651596	225063826	16	14932183	3
facebook.com	ajax/pagelet/generic.php	MoreStoriesPagelet	200	410417576	82651596	225063826	6	14932183	3
facebook.com	ajax/pagelet/generic.php	MoreStoriesPagelet	200	410466088	82651596	225063826	16	14932183	3
facebook.com	ajax/pagelet/generic.php	MoreStoriesPagelet	200	410479805	82651596	225063826	6	14932183	3
facebook.com	ajax/pagelet/generic.php	MoreStoriesPagelet	200	410484252	82651596	225063826	37	14932183	3
facebook.com	ajax/pagelet/generic.php	MoreStoriesPagelet	200	410479573	82651596	225063826	6	14932183	3
facebook.com	ajax/pagelet/generic.php	MoreStoriesPagelet	200	410473597	82651596	225063826	129	14932183	3
facebook.com	ajax/pagelet/generic.php	MoreStoriesPagelet	200	410484333	82651596	225063826	8	14932183	3
facebook.com	ajax/pagelet/generic.php	MoreStoriesPagelet	200	410414231	82651596	225063826	8	14932183	3
facebook.com	ajax/pagelet/generic.php	MoreStoriesPagelet	200	410479069	82651596	225063826	6	14932183	3
facebook.com	ajax/pagelet/generic.php	MoreStoriesPagelet	200	410478744	82651596	225063826	188	14932183	3
facebook.com	ajax/pagelet/generic.php	MoreStoriesPagelet	200	410414166	82651596	225063826	15	14932183	3
facebook.com	ajax/pagelet/generic.php	MoreStoriesPagelet	200	410480472	82651596	225063826	4	14932183	3
facebook.com	ajax/pagelet/generic.php	MoreStoriesPagelet	200	410484483	82651596	225063826	8	14932183	3
facebook.com	ajax/pagelet/generic.php	MoreStoriesPagelet	200	410466113	82651596	225063826	8	14932183	3
facebook.com	ajax/pagelet/generic.php	MoreStoriesPagelet	200	410466593	82651596	225063826	5	14932183	3
facebook.com	ajax/pagelet/generic.php	MoreStoriesPagelet	200	410414111	82651596	225063826	6	14932183	3
facebook.com	ajax/pagelet/generic.php	MoreStoriesPagelet	200	410483611	82651596	225063826	51	14932183	3
facebook.com	ajax/pagelet/generic.php	MoreStoriesPagelet	200	410484491	82651596	225063826	5	14932183	3
facebook.com	ajax/pagelet/generic.php	MoreStoriesPagelet	200	410481286	82651596	225063826	4	14932183	3
facebook.com	ajax/pagelet/generic.php	MoreStoriesPagelet	200	410414102	82651596	225063826	9	14932183	3
facebook.com	ajax/pagelet/generic.php	MoreStoriesPagelet	200	410484301	82651596	225063826	10	14932183	3
facebook.com	ajax/pagelet/generic.php	MoreStoriesPagelet	200	410414181	82651596	225063826	36	14932183	3
facebook.com	ajax/pagelet/generic.php	MoreStoriesPagelet	200	410417721	82651596	225063826	8	14932183	3
facebook.com	ajax/pagelet/generic.php	MoreStoriesPagelet	200	410417636	82651596	225063826	34	14932183	3
facebook.com	ajax/pagelet/generic.php	MoreStoriesPagelet	200	410479075	82651596	225063826	6	14932183	3
facebook.com	ajax/pagelet/generic.php	MoreStoriesPagelet	200	410417791	82651596	225063826	66	14932183	3
facebook.com	ajax/pagelet/generic.php	MoreStoriesPagelet	200	410476292	82651596	225063826	12	14932183	3
facebook.com	ajax/pagelet/generic.php	MoreStoriesPagelet	200	410476360	82651596	225063826	17	14932183	3
facebook.com	ajax/pagelet/generic.php	MoreStoriesPagelet	200	410414124	82651596	225063826	6	14932183	3
facebook.com	ajax/pagelet/generic.php	MoreStoriesPagelet	200	410425531	82651596	225063826	26	14932183	3
facebook.com	ajax/pagelet/generic.php	MoreStoriesPagelet	200	410479835	82651596	225063826	15	14932183	3
facebook.com	ajax/pagelet/generic.php	MoreStoriesPagelet	200	410483668	82651596	225063826	8	14932183	3
facebook.com	ajax/pagelet/generic.php	MoreStoriesPagelet	200	410473572	82651596	225063826	16	14932183	3
facebook.com	ajax/pagelet/generic.php	MoreStoriesPagelet	200	410484720	82651596	225063826	18	14932183	3
facebook.com	/	/	200	410481332	82651596	225063826	41	5713857	3
facebook.com	/	/	200	410425674	82651596	225063826	21	5713857	3
facebook.com	/	/	200	410484039	82651596	225063826	42	5713857	3
facebook.com	find-friends/browser	/	200	410480567	82651596	225063826	600	5713857	3
facebook.com	/	/	200	410414160	82651596	225063826	6	5713857	3
facebook.com	liltonytone	friends	200	410478644	82651596	225063826	10	5713857	3
facebook.com	/	/	200	410481817	82651596	225063826	13	5713857	3
facebook.com	/	/	200	410481174	82651596	225063826	112	5713857	3
facebook.com	/	/	200	410414341	82651596	225063826	14	5713857	3
facebook.com	find-friends/browser	/	200	410414291	82651596	225063826	50	5713857	3
facebook.com	/	liltonytone	200	410478608	82651596	225063826	13	5713857	3
facebook.com	/	/	200	410481466	82651596	225063826	27	5713857	3
facebook.com	/	obeybahja.rodriguez.3	200	410481373	82651596	225063826	5	5713857	3
facebook.com	/	logout.php	302	410424880	82651596	225063826	6	4934870	5
facebook.com	/	logout.php	302	410416294	82651596	225063826	1	4934870	3
facebook.com	/	logout.php	302	410414369	82651596	225063826	4	4934870	3
facebook.com	/	logout.php	302	410416295	82651596	225063826	0	4934870	3
facebook.com	/	logout.php	302	410479992	82651596	225063826	7	4934870	3
facebook.com	/	/	200	410414365	82651596	225063826	4	5713857	3
facebook.com	/	/	200	410473150	82651596	225063826	120	5713857	3
facebook.com	/	/	200	410479396	82651596	225063826	100	5713857	3
facebook.com	/	/	200	410400327	82651596	225063826	57	5713857	3
facebook.com	/	/	200	410478739	82651596	225063826	5	5713857	3
facebook.com	/	shay.bhadd.507	200	410478567	82651596	225063826	37	5713857	3
facebook.com	obeybahja.rodriguez.3	subscribedto	200	410481434	82651596	225063826	32	5713857	3
facebook.com	/	/	200	410425435	82651596	225063826	34	6056310	3
facebook.com	/	/	200	410480416	82651596	225063826	25	6056310	3
facebook.com	/	/	302	410424577	82651596	225063826	19	6056310	3
facebook.com	/	/	200	410414592	82651596	225063826	18	6056310	3
facebook.com	/	/	200	410466005	82651596	225063826	25	6056310	5
facebook.com	/	/	200	410421407	82651596	225063826	23	6056310	5
facebook.com	/	/	200	410417445	82651596	225063826	22	6056310	5
facebook.com	/	/	200	410424886	82651596	225063826	6	6056310	5
facebook.com	/	/	200	410478167	82651596	225063826	22	6056310	5
facebook.com	/	/	200	410478189	82651596	225063826	120	6056310	3
facebook.com	/	/	200	410424596	82651596	225063826	53	6056310	5
facebook.com	/	/	200	410483477	82651596	225063826	113	6056310	3
facebook.com	/	/	302	410416295	82651596	225063826	1	6056310	3
facebook.com	/	/	200	410481840	82651596	225063826	120	6056310	5
facebook.com	/	/	200	410479999	82651596	225063826	417	6056310	5
facebook.com	/	/	200	410425405	82651596	225063826	30	6056310	5
facebook.com	/	/	200	410417467	82651596	225063826	40	6056310	3
facebook.com	/	/	200	410413804	82651596	225063826	243	6056310	5
facebook.com	/	/	200	410421430	82651596	225063826	70	6056310	3
facebook.com	/	/	200	410416240	82651596	225063826	37	6056310	3
facebook.com	/	/	200	410476195	82651596	225063826	65	6056310	3
facebook.com	/	/	302	410465991	82651596	225063826	14	6056310	3
facebook.com	/	/	200	410414047	82651596	225063826	55	6056310	3
facebook.com	/	ylg.shaddy	200	410479115	82651596	225063826	9	3531701	3
facebook.com	/	/	200	410400639	82651596	225063826	82	3531701	3
facebook.com	/	/	302	410417440	82651596	225063826	5	3531701	3
facebook.com	/	index.php	200	410416295	82651596	225063826	0	3531701	5
facebook.com	/	shayona.anderson	200	410478391	82651596	225063826	21	3531701	3
facebook.com	/	index.php	200	410414373	82651596	225063826	99	3531701	5
facebook.com	/	/	200	410424682	82651596	225063826	71	3531701	5
facebook.com	/	index.php	200	410481836	82651596	225063826	4	3531701	5
facebook.com	about/privacy	/	200	410416703	82651596	225063826	26	3531701	3
facebook.com	/	/	200	410466430	82651596	225063826	49	3531701	3
facebook.com	/	coco.simms	200	410416277	82651596	225063826	17	3531701	5
facebook.com	/	/	200	410417512	82651596	225063826	57	3531701	3
facebook.com	/	shayona.anderson	200	410400389	82651596	225063826	69	3531701	3
facebook.com	/	index.php	302	410416294	82651596	225063826	0	3531701	3
facebook.com	/	index.php	302	410479986	82651596	225063826	6	3531701	3
facebook.com	register	confirm.php	200	410416386	82651596	225063826	12	3531701	5
facebook.com	/	profile.php	200	410417507	82651596	225063826	5	3531701	3
facebook.com	/	ylg.shaddy	200	410466270	82651596	225063826	120	3531701	3
facebook.com	pages	create.php	200	410416583	82651596	225063826	120	3531701	3
facebook.com	/	index.php	200	410414576	82651596	225063826	16	3531701	5
facebook.com	/	babu.borgohain.7	200	410483882	82651596	225063826	58	3531701	3
facebook.com	/	mobileprotection	200	410414472	82651596	225063826	104	3531701	5
facebook.com	ajax/pagelet/generic.php	PhotoViewerInitPagelet	200	410479324	82651596	225063826	20	3927365	3
facebook.com	/	photo.php	200	410424831	82651596	225063826	8	3927365	5
facebook.com	ajax/pagelet/generic.php	PhotoViewerPagelet	200	410424839	82651596	225063826	41	3927365	5
facebook.com	ajax/pagelet/generic.php	ProfileTimelineRemainingYearsPagelet	200	410478351	82651596	225063826	38	4408844	3
facebook.com	ajax/pagelet/generic.php	ProfileTimelineRemainingYearsPagelet	200	410481325	82651596	225063826	7	4408844	3
facebook.com	ajax/home	generic.php	200	410417670	82651596	225063826	36	4408844	3
facebook.com	ajax/pagelet/generic.php	ProfileTimelineRemainingYearsPagelet	200	410466726	82651596	225063826	60	4408844	3
facebook.com	ajax/home	generic.php	200	410473812	82651596	225063826	78	4408844	3
facebook.com	ajax/pagelet/generic.php	ProfileTimelineRemainingYearsPagelet	200	410414149	82651596	225063826	11	4408844	3
facebook.com	ajax/pagelet/generic.php	ProfileTimelineRemainingYearsPagelet	200	410479879	82651596	225063826	107	4408844	3
facebook.com	/	photo.php	200	410424899	82651596	225063826	1	3927365	5
facebook.com	ajax/pagelet/generic.php	PhotoViewerPagelet	200	410424900	82651596	225063826	120	3927365	5
youtube.com	/	watch	200	410425986	82651596	225063826	15	3718815	3
facebook.com	/	index.php	302	410481830	82651596	225063826	6	3531701	3
facebook.com	register	confirm.php	200	410416729	82651596	225063826	600	3531701	3
facebook.com	/	index.php	200	410425800	82651596	225063826	60	3531701	5
facebook.com	/	index.php	302	410425788	82651596	225063826	12	3531701	3
facebook.com	/	mobileprotection	200	410424649	82651596	225063826	33	3531701	5
youtube.com	/	results	200	410476377	82651596	225063826	120	3718815	3
youtube.com	/	results	200	410425927	82651596	225063826	14	3718815	3
youtube.com	/	results	200	410409662	82651596	225063826	9	3718815	3
youtube.com	/	watch	200	410476574	82651596	225063826	120	3718815	3
youtube.com	/	watch	200	410409671	82651596	225063826	16	3718815	3
facebook.com	/	/	200	410466030	82651596	225063826	58	6056310	3
facebook.com	/	/	200	410416296	82651596	225063826	90	6056310	5
facebook.com	ajax/pagelet/generic.php	MoreStoriesPagelet	200	410484608	82651596	225063826	9	14932183	3
facebook.com	ajax/pagelet/generic.php	MoreStoriesPagelet	200	410479496	82651596	225063826	7	14932183	3
facebook.com	ajax/pagelet/generic.php	MoreStoriesPagelet	200	410400730	82651596	225063826	5	14932183	3
facebook.com	ajax/pagelet/generic.php	MoreStoriesPagelet	200	410425522	82651596	225063826	9	14932183	3
facebook.com	ajax/pagelet/generic.php	MoreStoriesPagelet	200	410479600	82651596	225063826	5	14932183	3
facebook.com	ajax/pagelet/generic.php	MoreStoriesPagelet	200	410473456	82651596	225063826	116	14932183	3
facebook.com	ajax/pagelet/generic.php	MoreStoriesPagelet	200	410479024	82651596	225063826	11	14932183	3
facebook.com	ajax/pagelet/generic.php	MoreStoriesPagelet	200	410484572	82651596	225063826	9	14932183	3
facebook.com	ajax/pagelet/generic.php	MoreStoriesPagelet	200	410414718	82651596	225063826	120	14932183	3
facebook.com	ajax/pagelet/generic.php	MoreStoriesPagelet	200	410484380	82651596	225063826	5	14932183	3
facebook.com	ajax/pagelet/generic.php	MoreStoriesPagelet	200	410473801	82651596	225063826	11	14932183	3
facebook.com	ajax/pagelet/generic.php	MoreStoriesPagelet	200	410414130	82651596	225063826	4	14932183	3
facebook.com	ajax/pagelet/generic.php	MoreStoriesPagelet	200	410484311	82651596	225063826	5	14932183	3
facebook.com	ajax/pagelet/generic.php	ProfileTimelineSectionPagelet	200	410414145	82651596	225063826	4	13704975	3
facebook.com	ajax/pagelet/generic.php	ProfileTimelineSectionPagelet	200	410466676	82651596	225063826	50	13704975	3
facebook.com	ajax/pagelet/generic.php	ProfileTimelineSectionPagelet	200	410479124	82651596	225063826	29	13704975	3
facebook.com	ajax/pagelet/generic.php	ProfileTimelineSectionPagelet	200	410483940	82651596	225063826	99	13704975	3
facebook.com	ajax/pagelet/generic.php	ProfileTimelineSectionPagelet	200	410479153	82651596	225063826	11	13704975	3
facebook.com	ajax/pagelet/generic.php	ProfileTimelineSectionPagelet	200	410478621	82651596	225063826	23	13704975	3
facebook.com	ajax/pagelet/generic.php	MoreStoriesPagelet	200	410484507	82651596	225063826	9	14932183	3
facebook.com	ajax/pagelet/generic.php	MoreStoriesPagelet	200	410421546	82651596	225063826	32	14932183	3
facebook.com	ajax/pagelet/generic.php	MoreStoriesPagelet	200	410484289	82651596	225063826	12	14932183	3
facebook.com	ajax/pagelet/generic.php	MoreStoriesPagelet	200	410473726	82651596	225063826	22	14932183	3
facebook.com	ajax/pagelet/generic.php	MoreStoriesPagelet	200	410479589	82651596	225063826	11	14932183	3
facebook.com	ajax/pagelet/generic.php	MoreStoriesPagelet	200	410424790	82651596	225063826	28	14932183	5
facebook.com	ajax/pagelet/generic.php	MoreStoriesPagelet	200	410414239	82651596	225063826	10	14932183	3
facebook.com	ajax/pagelet/generic.php	MoreStoriesPagelet	200	410484324	82651596	225063826	9	14932183	3
facebook.com	ajax/pagelet/generic.php	MoreStoriesPagelet	200	410425557	82651596	225063826	39	14932183	3
facebook.com	ajax/pagelet/generic.php	MoreStoriesPagelet	200	410417569	82651596	225063826	7	14932183	3
facebook.com	ajax/pagelet/generic.php	MoreStoriesPagelet	200	410425469	82651596	225063826	7	14932183	3
facebook.com	ajax/pagelet/generic.php	MoreStoriesPagelet	200	410484516	82651596	225063826	9	14932183	3
facebook.com	ajax/pagelet/generic.php	MoreStoriesPagelet	200	410400735	82651596	225063826	5	14932183	3
facebook.com	ajax/pagelet/generic.php	MoreStoriesPagelet	200	410473748	82651596	225063826	11	14932183	3
facebook.com	ajax/pagelet/generic.php	MoreStoriesPagelet	200	410478315	82651596	225063826	36	14932183	3
facebook.com	ajax/pagelet/generic.php	MoreStoriesPagelet	200	410484738	82651596	225063826	19	14932183	3
facebook.com	ajax/pagelet/generic.php	MoreStoriesPagelet	200	410417603	82651596	225063826	21	14932183	3
facebook.com	ajax/pagelet/generic.php	MoreStoriesPagelet	200	410480447	82651596	225063826	7	14932183	3
facebook.com	ajax/pagelet/generic.php	MoreStoriesPagelet	200	410484461	82651596	225063826	9	14932183	3
facebook.com	ajax/pagelet/generic.php	MoreStoriesPagelet	200	410484081	82651596	225063826	24	14932183	3
facebook.com	ajax/pagelet/generic.php	MoreStoriesPagelet	200	410400761	82651596	225063826	5	14932183	3
facebook.com	ajax/pagelet/generic.php	MoreStoriesPagelet	200	410484592	82651596	225063826	8	14932183	3
facebook.com	ajax/pagelet/generic.php	MoreStoriesPagelet	200	410484395	82651596	225063826	30	14932183	3
facebook.com	ajax/pagelet/generic.php	MoreStoriesPagelet	200	410479754	82651596	225063826	8	14932183	3
facebook.com	ajax/pagelet/generic.php	MoreStoriesPagelet	200	410417729	82651596	225063826	6	14932183	3
facebook.com	ajax/pagelet/generic.php	MoreStoriesPagelet	200	410479811	82651596	225063826	12	14932183	3
facebook.com	ajax/pagelet/generic.php	MoreStoriesPagelet	200	410480459	82651596	225063826	5	14932183	3
facebook.com	ajax/pagelet/generic.php	MoreStoriesPagelet	200	410424753	82651596	225063826	10	14932183	5
facebook.com	ajax/pagelet/generic.php	MoreStoriesPagelet	200	410479563	82651596	225063826	6	14932183	3
facebook.com	ajax/pagelet/generic.php	ProfileTimelineSectionPagelet	200	410466412	82651596	225063826	18	13704975	3
facebook.com	ajax/pagelet/generic.php	ProfileTimelineSectionPagelet	200	410481378	82651596	225063826	56	13704975	3
facebook.com	/	profile.php	200	410414134	82651596	225063826	11	8194001	3
facebook.com	/	profile.php	200	410400312	82651596	225063826	9	8194001	3
facebook.com	/	profile.php	200	410425596	82651596	225063826	52	8194001	3
facebook.com	/	profile.php	200	410481801	82651596	225063826	12	8194001	3
facebook.com	/	profile.php	200	410466598	82651596	225063826	78	8194001	3
facebook.com	/	profile.php	200	410481290	82651596	225063826	35	8194001	3
facebook.com	search	results.php	200	410478729	82651596	225063826	10	8222317	3
facebook.com	shayona.anderson	friends	200	410478499	82651596	225063826	68	8222324	3
facebook.com	/	ylg.shaddy	200	410466259	82651596	225063826	11	8222324	3
facebook.com	/	ylg.shaddy	200	410479112	82651596	225063826	3	8222324	3
facebook.com	/	profile.php	200	410414355	82651596	225063826	10	8194001	3
facebook.com	/	profile.php	200	410479850	82651596	225063826	25	8194001	3
facebook.com	/	/	200	410483276	82651596	225063826	63	6056310	5
youtube.com	/	/	200	410474267	82651596	225063826	600	6174440	3
youtube.com	/	/	200	410425860	82651596	225063826	42	6174440	3
youtube.com	/	/	200	410409638	82651596	225063826	24	6174440	3
youtube.com	/	watch	200	410483377	82651596	225063826	12	6928214	3
facebook.com	/	shayona.anderson	200	410478389	82651596	225063826	2	8222324	3
facebook.com	/	shayona.anderson	200	410400384	82651596	225063826	5	8222324	3
facebook.com	ajax/pagelet/generic.php	ProfileTimelineSectionPagelet	200	410478604	82651596	225063826	4	13704975	3
facebook.com	ajax/pagelet/generic.php	ProfileTimelineSectionPagelet	200	410479164	82651596	225063826	5	13704975	3
facebook.com	ajax/pagelet/generic.php	ProfileTimelineSectionPagelet	200	410479875	82651596	225063826	4	13704975	3
facebook.com	ajax/pagelet/generic.php	ProfileTimelineSectionPagelet	200	410478412	82651596	225063826	87	13704975	3
facebook.com	ajax/pagelet/generic.php	ProfileTimelineSectionPagelet	200	410400458	82651596	225063826	120	13704975	3
facebook.com	ajax/pagelet/generic.php	ProfileTimelineSectionPagelet	200	410425648	82651596	225063826	26	13704975	3
facebook.com	ajax/pagelet/generic.php	ProfileTimelineSectionPagelet	200	410400321	82651596	225063826	6	13704975	3
facebook.com	ajax/pagelet/generic.php	ProfileTimelineSectionPagelet	200	410478654	82651596	225063826	75	13704975	3
facebook.com	ajax/pagelet/generic.php	ProfileTimelineSectionPagelet	200	410479169	82651596	225063826	120	13704975	3
facebook.com	ajax/pagelet/generic.php	ProfileTimelineSectionPagelet	200	410481813	82651596	225063826	4	13704975	3
facebook.com	/	login.php	302	410424892	82651596	225063826	0	12438930	3
facebook.com	/	login.php	200	410424892	82651596	225063826	7	12438930	5
facebook.com	/	babu.borgohain.7	200	410483832	82651596	225063826	50	8222324	3
urbanoutfitters.com	urban/catalog	category.jsp	200	410466924	84881809	232026202	26	843471	3
urbanoutfitters.com	urban/catalog	category.jsp	200	410466874	84881809	232026202	50	843471	3
urbanoutfitters.com	urban/catalog	category.jsp	200	410466514	84881809	232026202	73	843471	3
urbanoutfitters.com	urban/catalog	category.jsp	200	410466587	84881809	232026202	61	843471	3
urbanoutfitters.com	urban	index.jsp	200	410466318	84881809	232026202	15	843471	3
urbanoutfitters.com	urban/catalog	category.jsp	200	410466395	84881809	232026202	53	843471	3
urbanoutfitters.com	urban/catalog	category.jsp	200	410466648	84881809	232026202	139	843471	3
urbanoutfitters.com	urban/catalog	category.jsp	200	410466787	84881809	232026202	87	843471	3
urbanoutfitters.com	urban/catalog	category.jsp	200	410466333	84881809	232026202	62	843471	3
urbanoutfitters.com	urban/catalog	category.jsp	200	410466448	84881809	232026202	66	843471	3
amazon.com	LRG-Fuck-Yourself-Tank-Top/dp	B00856TNSG	200	410413006	84881809	232026202	9	671065	3
amazon.com	/	s	200	410413212	84881809	232026202	87	671065	3
amazon.com	/	s	200	410468022	84881809	232026202	26	671065	3
amazon.com	ONeill-Transition-Tank-Top-White/dp	B007NG3ZHE	200	410413023	84881809	232026202	7	671065	3
amazon.com	Two-In-The-Shirt-Shots/dp	B007HLWAE4	200	410412980	84881809	232026202	26	671065	3
amazon.com	Marlon-Garci-Silk-Royal-White/dp	B0026ZN3BK	200	410468052	84881809	232026202	11	671065	3
amazon.com	Rusty-Mens-Shakas-Black-Large/dp	B0072I6XJA	200	410413015	84881809	232026202	8	671065	3
amazon.com	WeSC-Rasta-Burn-White-Medium/dp	B00A0S7ORO	200	410413030	84881809	232026202	9	671065	3
amazon.com	/	s	200	410468063	84881809	232026202	128	671065	3
amazon.com	/	s	200	410468191	84881809	232026202	11	671065	3
amazon.com	/	/	200	410467970	84881809	232026202	26	671065	3
amazon.com	Del-Rossa-Classic-Pajama-A0756BLKLG/dp	B0047F1R6K	200	410413039	84881809	232026202	7	671065	3
amazon.com	/	s	200	410468048	84881809	232026202	4	671065	3
amazon.com	Crystal-Rhinestone-Anchor-Pendant-Necklace/dp	B004H6W858	200	410413093	84881809	232026202	34	671065	3
amazon.com	/	/	200	410413056	84881809	232026202	16	671065	3
amazon.com	/	b	200	410413199	84881809	232026202	13	671065	3
amazon.com	Nintendo-Game-Gameboy-Silicone-iPhone/dp	B005DV7JZA	200	410413046	84881809	232026202	10	671065	3
amazon.com	jewelry-watches-engagement-rings-diamonds	b	200	410467996	84881809	232026202	26	671065	3
facebook.com	/	shane.mckissick	200	410416905	84881809	232026202	10	5713857	3
facebook.com	/	travis.provencher.1	200	410416826	84881809	232026202	2	5713857	3
facebook.com	/	/	200	410418278	84881809	232026202	31	5713857	3
facebook.com	/	/	200	410465765	84881809	232026202	14	6056310	3
facebook.com	/	/	200	410416774	84881809	232026202	52	6056310	3
facebook.com	/	/	200	410412782	84881809	232026202	120	6056310	3
facebook.com	/	/	200	410419287	84881809	232026202	41	6056310	3
facebook.com	/	/	200	410412577	84881809	232026202	78	6056310	3
facebook.com	/	/	200	410416915	84881809	232026202	55	5713857	3
facebook.com	travis.provencher.1	info	200	410416834	84881809	232026202	10	5713857	3
facebook.com	shane.mckissick	info	200	410416847	84881809	232026202	58	5713857	3
facebook.com	/	shane.mckissick	200	410416844	84881809	232026202	3	5713857	3
facebook.com	ajax/pagelet/generic.php	MoreStoriesPagelet	200	410465779	84881809	232026202	25	14932183	3
facebook.com	ajax/pagelet/generic.php	ProfileTimelineSectionPagelet	200	410416828	84881809	232026202	6	13704975	3
facebook.com	/	aaron.bernal.73	200	410418269	84881809	232026202	5	8222324	3
facebook.com	aaron.bernal.73	info	200	410418274	84881809	232026202	4	8222324	3
facebook.com	ajax/pagelet/generic.php	PhotoViewerInitPagelet	200	410417285	84881809	232026202	120	3927365	3
facebook.com	ajax/pagelet/generic.php	PhotoViewerPagelet	200	410418069	84881809	232026202	120	3927365	3
facebook.com	ajax/pagelet/generic.php	PhotoViewerInitPagelet	200	410418054	84881809	232026202	15	3927365	3
facebook.com	ajax/home	generic.php	200	410418309	84881809	232026202	9	4408844	3
facebook.com	ajax/home	generic.php	200	410416970	84881809	232026202	6	4408844	3
amazon.com	/	s	200	410413072	84881809	232026202	21	671065	3
facebook.com	ajax/pagelet/generic.php	ProfileTimelineSectionPagelet	200	410410617	84681409	232145698	120	13704975	5
facebook.com	ajax/pagelet/generic.php	MoreStoriesPagelet	200	410410872	84681409	232145698	60	14932183	5
twitter.com	/	/	200	410410225	84681409	232145698	29	4272659	5
facebook.com	/	mcduffiedonray	200	410410576	84681409	232145698	41	5713857	5
facebook.com	/	/	200	410410855	84681409	232145698	17	5713857	5
facebook.com	/	/	200	410410469	84681409	232145698	107	6056310	5
facebook.com	/	/	302	410410464	84681409	232145698	5	6056310	3
