youtube.com	/	watch	200	410486188	126477902	162658747	54	3718815	3
facebook.com	/	/	302	410457767	128697756	162688027	20	6056310	3
facebook.com	/	adabekee92	302	410459768	128697756	162688027	34	3531701	3
bluefly.com	answers/9039/product/320686401	questionshome.htm	200	410482732	128733731	162688291	23	689527	3
youtube.com	/	watch	200	410403427	131382589	162803611	36	3718815	3
twitter.com	/	/	200	410482976	69821477	208349083	19	4272659	5
twitter.com	/	/	200	410418236	69821477	208349083	9	4272659	5
twitter.com	/	/	200	410484100	69821477	208349083	53	4272659	5
twitter.com	/	_Gankstalicious	200	410470251	69821477	208349083	5	4272659	5
facebook.com	/	/	200	410404784	69821477	208349083	18	6056310	5
twitter.com	/	THUUUG_LIFE	200	410470517	69821477	208349083	97	4272659	5
twitter.com	/	/	200	410471343	69821477	208349083	41	4272659	5
facebook.com	/	profile.php	200	410400358	69821477	208349083	8	3531701	5
twitter.com	/	/	200	410469883	69821477	208349083	75	4272659	5
twitter.com	/	/	200	410471309	69821477	208349083	21	4272659	5
twitter.com	/	THUUUG_LIFE	200	410471194	69821477	208349083	115	4272659	5
twitter.com	/	/	200	410470094	69821477	208349083	1	4272659	5
twitter.com	/	/	200	410478016	69821477	208349083	132	4272659	5
twitter.com	/	/	200	410469835	69821477	208349083	48	4272659	5
facebook.com	playslingo/	index.php	200	410465192	81466247	223109011	1	15868830	5
facebook.com	ajax/pagelet/generic.php	MoreStoriesPagelet	200	410466568	81466247	223109011	95	14932183	5
facebook.com	slotomania	/	200	410466741	81466247	223109011	11	4761456	5
facebook.com	/	/	200	410460949	81466247	223109011	21	5713857	5
youtube.com	/	playlist	200	410423507	86301262	235731283	26	3718815	3
barnesandnoble.com	s	hawkman-wings-of-fury	200	410467871	88911035	239183611	17	670981	3
barnesandnoble.com	op	service.aspx	200	410422606	88911035	239183611	24	670981	3
barnesandnoble.com	s	/	200	410456982	88911035	239183611	13	670981	3
barnesandnoble.com	s	fulton-sheen	200	410478968	88911035	239183611	15	670981	3
barnesandnoble.com	s	marvels-alex-ross	200	410478562	88911035	239183611	14	670981	3
barnesandnoble.com	op	request.aspx	200	410422748	88911035	239183611	6	670981	3
facebook.com	ajax/pagelet/generic.php	MoreStoriesPagelet	200	410402742	88911035	239183611	38	14932183	3
facebook.com	ajax/pagelet/generic.php	PhotoViewerInitPagelet	200	410416093	88911035	239183611	57	3927365	3
