facebook.com	/	stephanie.c.jensen	200	410408110	96931472	161071379	120	3531701	5
facebook.com	/	Hotgamesforgirlsfans	302	410410229	96931472	161071379	17	3531701	3
youtube.com	/	watch	200	410402393	112864172	161990219	120	7549991	3
youtube.com	/	/	200	410402354	111255038	162225683	37	6174440	3
youtube.com	/	watch	200	410402391	111255038	162225683	600	3718815	3
youtube.com	/	watch	200	410403088	111255038	162225683	96	3718815	3
tumblr.com	reblog/39379145143	JMY0CAiW	200	410451675	119828292	162289211	4	4499227	3
tumblr.com	/	dashboard	200	410453114	119828292	162289211	27	4499227	3
tumblr.com	dashboard/3	39379409690	200	410451450	119828292	162289211	35	4499227	3
tumblr.com	dashboard/6	39379280813	200	410451576	119828292	162289211	22	4499227	3
tumblr.com	/	dashboard	200	410401656	119828292	162289211	9	4499227	3
tumblr.com	dashboard/7	39379257406	200	410451633	119828292	162289211	18	4499227	3
tumblr.com	/	dashboard	200	410418326	119828292	162289211	1	4499227	3
tumblr.com	page	3	200	410450979	119828292	162289211	10	4499227	3
tumblr.com	/	dashboard	200	410401454	119828292	162289211	3	4499227	3
tumblr.com	reblog/39379347746	YUhyMcJm	200	410451507	119828292	162289211	4	4499227	3
tumblr.com	dashboard/3	39379409690	200	410451423	119828292	162289211	8	4499227	3
tumblr.com	reblog/39379420884	Kk8R7hkq	200	410451402	119828292	162289211	3	4499227	3
tumblr.com	/	dashboard	200	410401364	119828292	162289211	33	4499227	3
tumblr.com	reblog/39379145143	JMY0CAiW	302	410451679	119828292	162289211	10	4499227	3
tumblr.com	/	dashboard	200	410401752	119828292	162289211	4	4499227	3
tumblr.com	like	bJeIxu2A	200	410451431	119828292	162289211	12	4499227	3
tumblr.com	/	dashboard	200	410416570	119828292	162289211	15	4499227	3
tumblr.com	following	25	200	410451064	119828292	162289211	16	4499227	3
tumblr.com	/	dashboard	200	410418328	119828292	162289211	8	4499227	3
tumblr.com	reblog/39379439249	cVSUr0Gd	200	410451321	119828292	162289211	4	4499227	3
tumblr.com	dashboard/9	39379121569	200	410451689	119828292	162289211	4	4499227	3
tumblr.com	dashboard/6	39379280813	200	410451601	119828292	162289211	32	4499227	3
tumblr.com	/	dashboard	200	410416724	119828292	162289211	6	4499227	3
tumblr.com	dashboard/4	39352103259	200	410416662	119828292	162289211	13	4499227	3
tumblr.com	reblog/39355965778	OJhwpIwh	200	410416595	119828292	162289211	4	4499227	3
tumblr.com	/	dashboard	200	410416588	119828292	162289211	7	4499227	3
tumblr.com	dashboard/2	39381028633	200	410451018	119828292	162289211	19	4499227	3
tumblr.com	reblog/39379363945	wTB2wjRs	200	410451485	119828292	162289211	6	4499227	3
tumblr.com	dashboard/3	39379409690	200	410451491	119828292	162289211	5	4499227	3
tumblr.com	reblog/39379187078	P2WgXfRs	302	410451667	119828292	162289211	8	4499227	3
tumblr.com	reblog/39379187078	P2WgXfRs	200	410451662	119828292	162289211	5	4499227	3
tumblr.com	dashboard/5	39379332367	200	410451555	119828292	162289211	21	4499227	3
tumblr.com	reblog/39352076651	KkpOkoKk	200	410416692	119828292	162289211	4	4499227	3
tumblr.com	reblog/39379439249	cVSUr0Gd	302	410451325	119828292	162289211	18	4499227	3
tumblr.com	/	dashboard	200	410418356	119828292	162289211	6	4499227	3
tumblr.com	like	ObZiextM	200	410416710	119828292	162289211	6	4499227	3
tumblr.com	blog/catalina4562	followers	200	410451037	119828292	162289211	15	4499227	3
tumblr.com	/	/	200	410416730	119828292	162289211	14	4499227	3
tumblr.com	dashboard/3	39353019084	200	410416651	119828292	162289211	11	4499227	3
tumblr.com	reblog/39379478471	uAtfMMgW	200	410451105	119828292	162289211	3	4499227	3
youtube.com	/	/	200	410402474	119828292	162289211	60	6174440	3
youtube.com	/	watch	200	410402371	119828292	162289211	74	7550015	3
youtube.com	/	watch	200	410401451	119828292	162289211	3	7550017	3
tumblr.com	/	dashboard	200	410416599	119828292	162289211	8	4499227	3
tumblr.com	dashboard/3	39353019084	200	410416623	119828292	162289211	21	4499227	3
tumblr.com	/	dashboard	200	410451108	119828292	162289211	213	4499227	3
tumblr.com	/	/	200	410450961	119828292	162289211	0	4499227	3
tumblr.com	reblog/39352135388	Tas0LnO1	200	410416644	119828292	162289211	7	4499227	3
tumblr.com	dashboard/8	39379194503	200	410451811	119828292	162289211	1	4499227	3
tumblr.com	dashboard/2	39379478471	200	410451387	119828292	162289211	15	4499227	3
tumblr.com	like	AGCqdu9X	200	410416675	119828292	162289211	17	4499227	3
tumblr.com	reblog/39355972701	yTdG4lu5	200	410416585	119828292	162289211	3	4499227	3
tumblr.com	reblog/26724126800	D1wip67A	200	410418336	119828292	162289211	20	4499227	3
tumblr.com	reblog/39379395799	aIPgFPPN	200	410451443	119828292	162289211	7	4499227	3
tumblr.com	dashboard/5	39351852310	200	410416706	119828292	162289211	4	4499227	3
tumblr.com	/	dashboard	200	410401748	119828292	162289211	4	4499227	3
tumblr.com	dashboard/4	39352103259	200	410416716	119828292	162289211	8	4499227	3
tumblr.com	reblog/39379436766	8UfFN9H9	200	410451380	119828292	162289211	7	4499227	3
tumblr.com	dashboard/4	39379359915	200	410451496	119828292	162289211	11	4499227	3
tumblr.com	dashboard/2	39379478471	200	410451414	119828292	162289211	9	4499227	3
tumblr.com	reblog/39379130379	lT3gW3tP	200	410451693	119828292	162289211	118	4499227	3
youtube.com	user/LaurasStory	videos	200	410401955	119828292	162289211	4	3718815	3
youtube.com	feed	UCPKrok2sQg4_9t8ZSb7NFfQ	200	410402337	119828292	162289211	5	3718815	3
youtube.com	feed	UCfPxyOJyFRdf3EYMIRfurIg	200	410486263	119828292	162289211	2	3718815	3
youtube.com	feed	UCWljxewHlJE3M7U_6_zFNyA	200	410452894	119828292	162289211	5	3718815	3
youtube.com	feed	UC9VX0KXNH20x9MCH3xGjisg	200	410452882	119828292	162289211	12	3718815	3
youtube.com	user	schmoyoho	200	410402445	119828292	162289211	22	3718815	3
youtube.com	/	watch	200	410402112	119828292	162289211	2	3718815	3
youtube.com	user	LaurasStory	200	410401939	119828292	162289211	16	3718815	3
youtube.com	feed	UC0v-tlzsn0QZwJnkiaUSJVQ	200	410451812	119828292	162289211	600	3718815	3
youtube.com	/	watch	200	410401959	119828292	162289211	54	3718815	3
youtube.com	/	autotunethenews	200	410402352	119828292	162289211	19	3718815	3
youtube.com	/	watch	200	410454975	119828292	162289211	170	3718815	3
youtube.com	/	watch	200	410452854	119828292	162289211	17	3718815	3
youtube.com	/	watch	200	410452899	119828292	162289211	7	3718815	3
youtube.com	/	watch	200	410401901	119828292	162289211	38	3718815	3
youtube.com	feed	UCN9wHzrHRdKVzCSeV-5RuzA	200	410401449	119828292	162289211	2	3718815	3
youtube.com	/	watch	200	410455145	119828292	162289211	60	3718815	3
youtube.com	feed	UCPcFg7aBbaVzXoIKSNqwaww	200	410402042	119828292	162289211	3	3718815	3
youtube.com	/	watch	200	410451343	119828292	162289211	37	3718815	3
youtube.com	feed	UCN9wHzrHRdKVzCSeV-5RuzA	200	410454957	119828292	162289211	5	3718815	3
youtube.com	feed	UCPeZTzsoQ4iBjfkVbU0ilmg	200	410402324	119828292	162289211	13	3718815	3
youtube.com	feed	UCVJK2AT3ea5RTXNRjX_kz8A	200	410402094	119828292	162289211	14	3718815	3
youtube.com	/	watch	200	410416509	119828292	162289211	18	3718815	3
youtube.com	feed	UCPKrok2sQg4_9t8ZSb7NFfQ	200	410454962	119828292	162289211	8	3718815	3
youtube.com	feed	UCoWtLHuh40kYXl3kOIM3cxA	200	410402108	119828292	162289211	4	3718815	3
youtube.com	feed	UCPcFg7aBbaVzXoIKSNqwaww	200	410401898	119828292	162289211	3	3718815	3
youtube.com	feed	UCN9wHzrHRdKVzCSeV-5RuzA	200	410454950	119828292	162289211	7	3718815	3
youtube.com	feed	UCGCPAOQDZa_TTTXDr5byjww	200	410452871	119828292	162289211	11	3718815	3
youtube.com	feed	UCWljxewHlJE3M7U_6_zFNyA	200	410454970	119828292	162289211	5	3718815	3
youtube.com	feed/UCVJK2AT3ea5RTXNRjX_kz8A	u	200	410486260	119828292	162289211	1	3718815	3
youtube.com	/	watch	200	410402342	119828292	162289211	10	3718815	3
youtube.com	feed	UCN9wHzrHRdKVzCSeV-5RuzA	200	410452906	119828292	162289211	120	3718815	3
youtube.com	/	watch	200	410402467	119828292	162289211	7	3718815	3
youtube.com	feed	UCVJK2AT3ea5RTXNRjX_kz8A	200	410486251	119828292	162289211	9	3718815	3
youtube.com	/	watch	200	410485949	119828292	162289211	10	3718815	3
youtube.com	/	watch	200	410485968	119828292	162289211	3	3718815	3
youtube.com	feed/UCN9wHzrHRdKVzCSeV-5RuzA	u	200	410454948	119828292	162289211	2	3718815	3
youtube.com	/	watch	200	410402045	119828292	162289211	49	3718815	3
youtube.com	feed	UC0v-tlzsn0QZwJnkiaUSJVQ	200	410486261	119828292	162289211	2	3718815	3
youtube.com	/	watch	200	410402013	119828292	162289211	29	3718815	3
tumblr.com	reblog/39379261402	IP4yEONW	200	410451598	119828292	162289211	3	4499227	3
tumblr.com	blog	catalina4562	200	410416744	119828292	162289211	600	4499227	3
tumblr.com	dashboard/2	39379470259	200	410451099	119828292	162289211	6	4499227	3
tumblr.com	dashboard/2	39355957951	200	410416607	119828292	162289211	16	4499227	3
tumblr.com	dashboard/5	39379332367	200	410451518	119828292	162289211	8	4499227	3
tumblr.com	/	dashboard	200	410451080	119828292	162289211	19	4499227	3
tumblr.com	/	following	200	410451052	119828292	162289211	12	4499227	3
tumblr.com	reblog/39379423137	7jNChuBY	200	410451410	119828292	162289211	4	4499227	3
tumblr.com	dashboard/8	39379194503	200	410451651	119828292	162289211	11	4499227	3
tumblr.com	/	dashboard	200	410485948	119828292	162289211	1	4499227	3
tumblr.com	reblog/39358885032	QCRAmIS7	200	410418327	119828292	162289211	1	4499227	3
tumblr.com	dashboard/4	39352103259	200	410416696	119828292	162289211	10	4499227	3
tumblr.com	/	dashboard	200	410402114	119828292	162289211	120	4499227	3
tumblr.com	dashboard/2	39379478471	200	410451405	119828292	162289211	5	4499227	3
tumblr.com	reblog/39379332367	gsKhRrjV	200	410451526	119828292	162289211	7	4499227	3
tumblr.com	dashboard/4	39379359915	200	410451511	119828292	162289211	7	4499227	3
tumblr.com	/	dashboard	200	410485971	119828292	162289211	6	4499227	3
tumblr.com	dashboard/9	39379121569	200	410451811	119828292	162289211	0	4499227	3
tumblr.com	reblog/39379332367	gsKhRrjV	302	410451533	119828292	162289211	22	4499227	3
youtube.com	/	watch	200	410486265	119828292	162289211	14	3718815	3
youtube.com	feed	UCBiacTaNoXE9umltwifpuHg	200	410452839	119828292	162289211	15	3718815	3
youtube.com	/	watch	200	410401731	68067239	162300011	120	7549991	3
youtube.com	/	results	200	410401629	68067239	162300011	31	3718815	3
youtube.com	/	watch	200	410401418	68067239	162300011	211	3718815	3
youtube.com	/	watch	200	410401660	68067239	162300011	71	3718815	3
amazon.com	kids-games-board-classic-dvd-travel	b	200	410465119	121927189	162409715	73	4298086	3
amazon.com	toys	b	200	410465112	121927189	162409715	7	4577503	3
amazon.com	/	s	200	410465192	121927189	162409715	52	4577503	3
amazon.com	gp/nemo/raw/handlers	raw.html?ie=UTF8&ASIN=B008FL8WTM&pageLocation=below-fold&referringSearchEngine=goog&searchTerms=vtech downloads&bWidth=991&yPos=2638&_=1357063492415	200	410465087	121927189	162409715	18	671065	3
amazon.com	gp/nemo/raw/handlers	raw.html?ie=UTF8&ASIN=B008FL8WTM&pageLocation=below-fold&referringSearchEngine=goog&searchTerms=vtech downloads&bWidth=991&yPos=2638&_=1357063032670	200	410464628	121927189	162409715	213	671065	3
amazon.com	VTech-Learning-Application-Download-V-Reader/product-reviews	B008FL8WTM	200	410464841	121927189	162409715	89	671065	3
amazon.com	VTech-Learning-Application-Download-V-Reader/dp	B008FL8WTM	200	410464623	121927189	162409715	5	671065	3
amazon.com	Toys-Outlet	b	200	410465105	121927189	162409715	7	671065	3
amazon.com	VTech-Learning-Application-Download-V-Reader/dp	B008FL8WTM	200	410465086	121927189	162409715	1	671065	3
youtube.com	/	watch	200	410472961	129016337	162704315	1	6928214	3
youtube.com	/	watch	200	410472962	129016337	162704315	56	6928214	3
youtube.com	/	results	200	410473018	129016337	162704315	278	3718815	3
youtube.com	/	results	200	410473296	129016337	162704315	15	3718815	3
youtube.com	/	watch	200	410472947	129016337	162704315	14	3718815	3
facebook.com	ajax/pagelet/generic.php	ProfileTimelineSectionPagelet	200	410479057	129913383	162738659	90	13704975	5
facebook.com	/	andres.sandoval.90226	200	410479035	129913383	162738659	13	8222324	5
facebook.com	jose.lopez.129357	photos_albums	200	410478996	129913383	162738659	18	5713857	5
facebook.com	jose.lopez.129357	photos_stream	200	410479014	129913383	162738659	21	5713857	5
facebook.com	ajax/pagelet/generic.php	PhotoViewerInitPagelet	200	410479048	129913383	162738659	9	3927365	5
youtube.com	/	watch	200	410407676	130725540	162767435	32	3718815	3
youtube.com	/	watch	200	410480916	130998890	162785939	120	3718815	3
youtube.com	/	watch	200	410480877	130998890	162785939	39	3718815	3
shopathome.com	/	/	200	410402146	131609993	162816251	2	690542	3
shopathome.com	/	/	299	410468410	131609993	162816251	4	690542	3
shopathome.com	/	/	299	410402124	131609993	162816251	3	690542	3
shopathome.com	/	/	299	410410687	131609993	162816251	1	690542	3
shopathome.com	/	/	299	410482109	131609993	162816251	3	690542	3
shopathome.com	/	/	299	410411114	131609993	162816251	1	690542	3
shopathome.com	/	/	299	410410342	131609993	162816251	1	690542	3
shopathome.com	/	/	299	410478940	131609993	162816251	2	690542	3
shopathome.com	/	/	299	410411403	131609993	162816251	1	690542	3
shopathome.com	/	/	200	410478987	131609993	162816251	3	690542	3
shopathome.com	/	/	299	410405208	131609993	162816251	3	690542	3
youtube.com	user	alohaminify	200	410464829	131609993	162816251	57	3718815	3
youtube.com	/	watch	200	410410559	63577153	206170307	120	6928214	3
youtube.com	/	/	200	410408408	63577153	206170307	120	6174440	3
youtube.com	/	results	200	410410107	63577153	206170307	120	3718815	3
amazon.com	gp/bit/apps/web/SERP	search	200	410467315	68732800	206622299	5	671065	3
amazon.com	gp/bit/apps/web/SERP	search	200	410467320	68732800	206622299	5	671065	3
amazon.com	/	websearch	200	410466623	68732800	206622299	18	671065	3
amazon.com	gp/bit/apps/web/SERP/redirect/ref=bit_f_bds-p14_serp_ie_us?ie=UTF8&id=1&pos=0&tagbase=bds-p14&tbrId=v1_abb-channel-14_62885b5cf961406a9cfa0c5c870d3730_16_37_20121221_US_ie_sp_&url=http:/	www.cartoonnetwork.com	302	410467325	68732800	206622299	23	671065	3
amazon.com	/	websearch	200	410467306	68732800	206622299	9	671065	3
amazon.com	gp/bit/apps/web/SERP	search	200	410467548	68732800	206622299	8	671065	3
amazon.com	gp/bit/apps/web/SERP/redirect/ref=bit_f_bds-p14_serp_ie_us?ie=UTF8&id=1&pos=0&tagbase=bds-p14&tbrId=v1_abb-channel-14_62885b5cf961406a9cfa0c5c870d3730_16_37_20121221_US_ie_sp_&url=http:/	www.cartoonnetwork.com	302	410466654	68732800	206622299	6	671065	3
amazon.com	/	websearch	200	410467544	68732800	206622299	4	671065	3
amazon.com	gp/bit/apps/web/SERP	search	200	410466641	68732800	206622299	13	671065	3
tumblr.com	/	settings	302	410480919	73560501	213260579	2	4499227	3
tumblr.com	blog	ogjhawk	200	410480593	73560501	213260579	23	4499227	3
tumblr.com	/	/	200	410480250	73560501	213260579	1	4499227	3
tumblr.com	blog	ogjhawk	200	410480358	73560501	213260579	103	4499227	3
tumblr.com	/	/	200	410481044	73560501	213260579	15	4499227	3
tumblr.com	/	customize	200	410480921	73560501	213260579	12	4499227	3
tumblr.com	/	/	200	410479906	73560501	213260579	4	4499227	3
tumblr.com	upload/image	image:NavPanelBG	200	410479700	73560501	213260579	4	4499227	3
tumblr.com	blog/ogjhawk	settings	200	410480616	73560501	213260579	9	4499227	3
tumblr.com	blog/ogjhawk	settings	200	410480956	73560501	213260579	4	4499227	3
tumblr.com	/	/	200	410480888	73560501	213260579	1	4499227	3
tumblr.com	/	/	200	410481032	73560501	213260579	12	4499227	3
tumblr.com	/	/	200	410480246	73560501	213260579	4	4499227	3
tumblr.com	/	/	200	410479910	73560501	213260579	13	4499227	3
tumblr.com	upload/image	image:LogoImage	200	410479694	73560501	213260579	6	4499227	3
tumblr.com	blog	ogjhawk	200	410479137	73560501	213260579	59	4499227	3
youtube.com	/	my_videos	200	410480828	73560501	213260579	17	3718815	3
youtube.com	/	my_videos	200	410479356	73560501	213260579	120	3718815	3
facebook.com	pages/Johny-Hawkins	302692533078437	200	410479867	73560501	213260579	14	3531701	3
facebook.com	pages/Johny-Hawkins	302692533078437	200	410480960	73560501	213260579	4	3531701	3
tumblr.com	blog	ogjhawk	200	410480251	73560501	213260579	69	4499227	3
tumblr.com	/	settings	302	410480580	73560501	213260579	13	4499227	3
tumblr.com	blog	ogjhawk	200	410480472	73560501	213260579	108	4499227	3
tumblr.com	/	dashboard	200	410480889	73560501	213260579	30	4499227	3
tumblr.com	/	/	200	410479516	73560501	213260579	24	4499227	3
tumblr.com	/	customize	200	410479672	73560501	213260579	22	4499227	3
tumblr.com	blog/ogjhawk	settings	200	410481065	73560501	213260579	56	4499227	3
tumblr.com	/	/	200	410480845	73560501	213260579	43	4499227	3
tumblr.com	upload/image	image:BG Text Quote Chat Link	200	410479704	73560501	213260579	17	4499227	3
tumblr.com	/	/	200	410479540	73560501	213260579	132	4499227	3
tumblr.com	blog/ogjhawk	settings	200	410480638	73560501	213260579	120	4499227	3
twitter.com	/	/	200	410481004	73560501	213260579	28	4272659	5
macys.com	service/credit/activation	amex.ognc	200	410458546	77829755	217574195	120	689732	5
macys.com	service/credit/activation	amex.ognc	200	410458478	77829755	217574195	68	689732	5
youtube.com	/	results	200	410485558	78025461	218101091	20	3718815	3
youtube.com	/	watch	200	410485578	78025461	218101091	451	3718815	3
youtube.com	/	watch	200	410486029	78025461	218101091	60	3718815	3
youtube.com	/	/	200	410485505	78025461	218101091	53	6174440	3
gap.com	browse	category.do	200	410477622	86298889	234212075	26	671248	3
gap.com	browse	subDivision.do	200	410477577	86298889	234212075	45	5785893	3
facebook.com	/	/	200	410477423	86298889	234212075	26	6056310	5
facebook.com	/	/	302	410477422	86298889	234212075	1	6056310	3
facebook.com	/	/	200	410477449	86298889	234212075	31	6056310	3
gap.com	browse	product.do	200	410477686	86298889	234212075	120	6162269	3
gap.com	browse	category.do	200	410477067	86298889	234212075	120	6162269	3
gap.com	buy	shopping_bag.do	200	410477029	86298889	234212075	17	6162269	3
gap.com	browse	division.do	200	410477046	86298889	234212075	21	6162269	3
gap.com	browse	category.do	200	410477022	86298889	234212075	7	6162269	3
facebook.com	ajax/pagelet/generic.php	MoreStoriesPagelet	200	410477480	86298889	234212075	68	14932183	3
gap.com	buy	shopping_bag.do	200	410477648	86298889	234212075	38	671248	3
gap.com	browse	home.do	200	410477564	86298889	234212075	13	671248	3
facebook.com	/	index.php	200	410477554	86298889	234212075	10	3531701	5
facebook.com	ajax/pagelet/generic.php	MoreStoriesPagelet	200	410477548	86298889	234212075	6	14932183	3
youtube.com	/	watch_popup	200	410476690	84392334	235584347	120	3718815	3
