youtube.com	/	/	200	410477379	126416513	162586150	30	6174440	3
youtube.com	/	results	200	410412782	129697000	162765670	10	3718815	3
youtube.com	/	results	200	410402818	129697000	162765670	26	3718815	3
forever21.com	Order	TrackOrder.aspx	302	410423493	66038425	201815974	11	936257	5
facebook.com	ajax/pagelet/generic.php	ProfileTimelineSectionPagelet	200	410486390	66038425	201815974	9	13704975	3
facebook.com	/	april.n.porter.7	200	410486118	66038425	201815974	4	5713857	3
forever21.com	CustomerService	CustomerService.aspx	200	410423442	66038425	201815974	1	936257	3
forever21.com	CustomerService	CustomerService.aspx	200	410423421	66038425	201815974	1	936257	3
forever21.com	Htmls/CustomerService/en-US	shipping.html	299	410423448	66038425	201815974	31	936257	3
forever21.com	Htmls/CustomerService/en-US	shipping_destination_rates.html	200	410462892	66038425	201815974	6	936257	3
facebook.com	MizzPhatubulousCassie/posts	10151383891000763	200	410409695	17666012	207253678	45	5713857	5
facebook.com	ajax/pagelet/generic.php	ProfileTimelineSectionPagelet	200	410452991	17666012	207253678	212	13704975	5
facebook.com	ajax/pagelet/generic.php	MoreStoriesPagelet	200	410483435	63558561	209126518	6	14932183	3
facebook.com	ajax/pagelet/generic.php	MoreStoriesPagelet	200	410477734	63558561	209126518	120	14932183	3
facebook.com	ajax/pagelet/generic.php	MoreStoriesPagelet	200	410483809	63558561	209126518	43	14932183	3
facebook.com	ajax/pagelet/generic.php	MoreStoriesPagelet	200	410483787	63558561	209126518	16	14932183	3
facebook.com	ajax/home	generic.php	200	410483852	63558561	209126518	120	4408844	3
facebook.com	maverick.thurston/posts	10200189674054724	200	410482998	63558561	209126518	46	5713857	3
facebook.com	nick.stegall/posts	4256266526479	200	410431662	63558561	209126518	8	5713857	3
facebook.com	ajax/pagelet/generic.php	MoreStoriesPagelet	200	410477592	69920090	210392950	10	14932183	3
facebook.com	ajax/pagelet/generic.php	ProfileTimelineSectionPagelet	200	410477880	69920090	210392950	120	13704975	3
facebook.com	find-friends/browser	/	200	410486277	69920090	210392950	60	3531701	3
facebook.com	bertha.adamegalvan	info	200	410477815	69920090	210392950	22	5713857	3
facebook.com	/	yetzenia.licea	200	410477315	69920090	210392950	13	5713857	3
facebook.com	/	leo.saucedo.184	200	410477535	69920090	210392950	8	5713857	3
facebook.com	/	login.php	302	410424378	72859042	211448302	2	12438930	3
facebook.com	ajax/pagelet/generic.php	MoreStoriesPagelet	200	410424502	72859042	211448302	88	14932183	3
facebook.com	/	index.php	302	410424797	72859042	211448302	74	3531701	3
youtube.com	/	watch	200	410405072	86771698	236120278	120	3718815	3
facebook.com	ajax/pagelet/generic.php	MoreStoriesPagelet	200	410485786	79225440	237663550	64	14932183	3
tumblr.com	dashboard/2	39366543515	200	410426596	79225440	237663550	13	4499227	3
facebook.com	ajax/pagelet/generic.php	PhotoViewerInitPagelet	200	410426365	79225440	237663550	19	3927365	3
facebook.com	ajax/pagelet/generic.php	PhotoViewerInitPagelet	200	410485401	79225440	237663550	12	3927365	3
facebook.com	dialog	apprequests	200	410412236	88948857	239166886	28	3531701	5
facebook.com	/	/	200	410412309	88948857	239166886	14	3531701	5
facebook.com	ajax/home	generic.php	200	410412514	88948857	239166886	14	4408844	5
facebook.com	/	/	302	410447909	88948857	239166886	4	3531701	3
facebook.com	ajax/pagelet/generic.php	MoreStoriesPagelet	200	410463651	88948857	239166886	5	14932183	5
facebook.com	bubblesafariocean	/	200	410448046	88948857	239166886	7	15339344	5
facebook.com	playcastleville	/	200	410411794	88948857	239166886	0	14933137	5
facebook.com	/	home.php	200	410447913	88948857	239166886	15	8045108	5
facebook.com	/	home.php	200	410463610	88948857	239166886	18	8045108	5
facebook.com	ajax/pagelet/generic.php	MoreStoriesPagelet	200	410412332	88948857	239166886	23	14932183	5
