youtube.com	/	watch	200	410474461	96018627	161046197	116	3718815	3
youtube.com	/	watch	200	410466037	96018627	161046197	60	3718815	3
youtube.com	/	results	200	410465761	96018627	161046197	2	3718815	3
youtube.com	/	watch	200	410474366	96018627	161046197	29	3718815	3
youtube.com	/	watch	200	410474395	96018627	161046197	61	3718815	3
youtube.com	/	results	200	410474456	96018627	161046197	5	3718815	3
youtube.com	/	watch	200	410465763	96018627	161046197	268	3718815	3
youtube.com	/	watch	200	410474104	96018627	161046197	79	3718815	3
youtube.com	/	results	200	410474098	96018627	161046197	6	3718815	3
youtube.com	/	results	200	410466031	96018627	161046197	6	3718815	3
youtube.com	/	watch	200	410472238	111692126	161601629	22	6928214	3
youtube.com	/	watch	200	410479450	111692126	161601629	60	6928214	3
youtube.com	/	watch	200	410411676	118515612	162245213	600	3718815	3
youtube.com	/	/	200	410466197	123856576	162462293	35	6174440	3
youtube.com	/	watch	200	410466715	123856576	162462293	91	3718815	3
youtube.com	/	watch	200	410466339	123856576	162462293	120	3718815	3
youtube.com	/	watch	200	410466818	123856576	162462293	24	3718815	3
youtube.com	/	watch	200	410466806	123856576	162462293	12	3718815	3
youtube.com	/	watch	200	410466682	123856576	162462293	33	3718815	3
youtube.com	/	watch	200	410466842	123856576	162462293	412	3718815	3
youtube.com	/	watch	200	410466196	123856576	162462293	1	3718815	3
youtube.com	/	watch	200	410485820	124635561	162503069	120	3718815	3
amazon.com	/	b	200	410480459	124635561	162503069	120	671065	3
youtube.com	/	watch	200	410463985	125855476	162567173	600	3718815	3
youtube.com	/	/	200	410415578	126955822	162602837	9	6174440	3
youtube.com	/	/	200	410415352	126955822	162602837	11	6174440	3
youtube.com	/	watch	200	410415541	126955822	162602837	37	3718815	3
youtube.com	/	watch	200	410415587	126955822	162602837	37	3718815	3
youtube.com	/	watch	200	410415363	126955822	162602837	9	3718815	3
youtube.com	/	watch	200	410415372	126955822	162602837	109	3718815	3
youtube.com	/	watch	200	410415624	126955822	162602837	120	3718815	3
youtube.com	/	watch	200	410415481	126955822	162602837	60	3718815	3
weeworld.com	/	default.aspx	200	410418082	129237966	162729749	36	3733053	3
youtube.com	/	watch	200	410481347	130436106	162766613	97	3718815	3
youtube.com	/	watch	200	410483453	130436106	162766613	98	3718815	3
youtube.com	/	results	200	410483399	130436106	162766613	43	3718815	3
youtube.com	/	results	200	410483442	130436106	162766613	11	3718815	3
youtube.com	/	results	200	410460754	130436106	162766613	16	3718815	3
youtube.com	/	watch	200	410460788	130436106	162766613	13	3718815	3
youtube.com	/	watch	200	410476238	130436106	162766613	8	3718815	3
youtube.com	/	watch	200	410460801	130436106	162766613	299	3718815	3
youtube.com	/	results	200	410481337	130436106	162766613	10	3718815	3
walmart.com	cp	2636	200	410407562	130436106	162766613	7	3510442	3
youtube.com	/	results	200	410476220	130436106	162766613	18	3718815	3
youtube.com	/	results	200	410460770	130436106	162766613	18	3718815	3
walmart.com	ip/Call-of-Duty-Black-Ops-2-PS3	20862914	200	410407576	130436106	162766613	120	689423	3
walmart.com	browse/video-games/games/2636_1040579	/	200	410407569	130436106	162766613	7	5098655	3
walmart.com	/	/	200	410407551	130436106	162766613	11	6165126	3
youtube.com	/	/	200	410460705	130436106	162766613	49	6174440	3
youtube.com	/	/	200	410476162	130436106	162766613	58	6174440	3
youtube.com	/	/	200	410481325	130436106	162766613	12	6174440	3
facebook.com	/	index.php	200	410467574	130675348	162770669	15	3531701	5
facebook.com	/	index.php	200	410467562	130675348	162770669	12	3531701	5
youtube.com	/	watch	200	410414908	130833452	162787973	64	6928214	3
facebook.com	/	index.php	302	410477455	131338371	162801941	38	3531701	3
facebook.com	/	/	200	410477372	131338371	162801941	83	6056310	3
facebook.com	/	/	302	410477333	131338371	162801941	39	6056310	3
youtube.com	/	watch	200	410484644	122247265	162865493	120	7550015	3
youtube.com	/	/	200	410484628	122247265	162865493	16	6174440	3
youtube.com	/	watch	200	410401910	128134515	162865997	100	3718815	3
youtube.com	/	watch	200	410400217	128134515	162865997	93	3718815	3
facebook.com	/	login.php	200	410460108	68485726	205161677	120	12438930	5
facebook.com	/	login.php	302	410460229	68485726	205161677	1	12438930	3
facebook.com	/	login.php	302	410460106	68485726	205161677	2	12438930	3
facebook.com	/	login.php	200	410460230	68485726	205161677	109	12438930	5
facebook.com	/	notme.php	200	410460229	68485726	205161677	0	3531701	5
deviantart.com	messages	/	200	410410474	69720951	208481549	4	8923930	3
deviantart.com	art	Cherry-Bloom-Tranformation-Meme-1-296007172	200	410485067	69720951	208481549	12	8923924	3
deviantart.com	art	MLP-Transformation-Meme-Taka-330099465	200	410485117	69720951	208481549	4	8923924	3
deviantart.com	art	Your-own-pokemon-aventure-MEME-306425379	200	410410573	69720951	208481549	8	8923924	3
deviantart.com	art	Sugar-Rush-Meme-311521379	200	410485121	69720951	208481549	5	8923924	3
deviantart.com	art	The-Random-Pokemon-Meme-316561521	200	410410581	69720951	208481549	120	8923924	3
deviantart.com	art	Drunk-Science-Avengers-Flash-305975872	200	410482673	69720951	208481549	2	8923924	3
deviantart.com	art	DESU-BASE-OF-DESU-298060307	200	410482788	69720951	208481549	3	8923924	3
deviantart.com	art	Strawberry-Split-and-Fraise-345918708	200	410409990	69720951	208481549	120	8923924	3
deviantart.com	art	Transparency-in-SAI-190135159	200	410482451	69720951	208481549	5	8923924	3
deviantart.com	art	TUTORIAL-How-to-make-Transparent-BG-in-SAI-289244835	200	410482505	69720951	208481549	15	8923924	3
deviantart.com	art	Celestia-and-Twilight-265886653	200	410477475	69720951	208481549	91	8923924	3
deviantart.com	art	Issue-2-Page-28-345937409	200	410409118	69720951	208481549	600	8923924	3
deviantart.com	art	Strawberry-Split-and-Fraise-345918708	200	410408951	69720951	208481549	139	8923924	3
deviantart.com	art	Commission-Bella-Prince-and-Jasmine-345938125	200	410409090	69720951	208481549	28	8923924	3
deviantart.com	messages	/	200	410481180	69720951	208481549	9	8923930	3
deviantart.com	messages	/	200	410422371	69720951	208481549	600	8923930	3
deviantart.com	messages	/	200	410408877	69720951	208481549	74	8923930	3
facebook.com	ajax/pagelet/generic.php	MoreStoriesPagelet	200	410482124	69720951	208481549	2	14932183	3
facebook.com	ajax/pagelet/generic.php	MoreStoriesPagelet	200	410482037	69720951	208481549	9	14932183	3
facebook.com	ajax/pagelet/generic.php	MoreStoriesPagelet	200	410415300	69720951	208481549	600	14932183	3
facebook.com	ajax/pagelet/generic.php	MoreStoriesPagelet	200	410415161	69720951	208481549	139	14932183	3
facebook.com	ajax/pagelet/generic.php	MoreStoriesPagelet	200	410417866	69720951	208481549	5	14932183	3
facebook.com	ajax/pagelet/generic.php	MoreStoriesPagelet	200	410416744	69720951	208481549	600	14932183	3
facebook.com	ajax/pagelet/generic.php	MoreStoriesPagelet	200	410417787	69720951	208481549	45	14932183	3
deviantart.com	submit	deviation	200	410483896	69720951	208481549	120	8923962	3
deviantart.com	submit	/	200	410421944	69720951	208481549	81	8923962	3
deviantart.com	messages	/	200	410414965	69720951	208481549	45	8923930	3
deviantart.com	messages	/	200	410481808	69720951	208481549	12	8923930	3
deviantart.com	messages	/	200	410480033	69720951	208481549	5	8923930	3
deviantart.com	messages	/	200	410477628	69720951	208481549	17	8923930	3
deviantart.com	messages	/	200	410466498	69720951	208481549	60	8923930	3
deviantart.com	messages	/	200	410417871	69720951	208481549	35	8923930	3
deviantart.com	art	MLP-FiM-Transformation-Meme-295627098	200	410484819	69720951	208481549	11	8923924	3
deviantart.com	art	MLP-Transformation-Meme-Enanti-317083215	200	410484624	69720951	208481549	3	8923924	3
deviantart.com	art	Happy-New-Year-345891812	200	410417906	69720951	208481549	120	8923924	3
deviantart.com	art	Strawberry-Split-and-Fraise-345918708	200	410477671	69720951	208481549	40	8923924	3
deviantart.com	art	HAPPY-NEW-YEAR-2013-345992290	200	410422134	69720951	208481549	120	8923924	3
deviantart.com	art	Wut-346130470	200	410484158	69720951	208481549	16	8923924	3
deviantart.com	art	Wut-346130470	200	410484096	69720951	208481549	1	8923924	3
deviantart.com	/	/	200	410484494	69720951	208481549	20	8923920	3
deviantart.com	/	/	200	410484448	69720951	208481549	30	8923920	3
youtube.com	/	/	200	410478061	69720951	208481549	1	6174440	3
facebook.com	/	/	200	410408772	69720951	208481549	72	6056310	3
facebook.com	/	/	200	410415010	69720951	208481549	120	6056310	3
facebook.com	/	/	200	410419579	69720951	208481549	120	6056310	3
facebook.com	/	/	200	410421938	69720951	208481549	6	6056310	3
facebook.com	/	/	200	410481989	69720951	208481549	3	6056310	3
tumblr.com	/	dashboard	200	410477287	69720951	208481549	48	4499227	3
tumblr.com	/	/	200	410478655	69720951	208481549	7	4499227	3
tumblr.com	dashboard/3	39402341228	200	410478606	69720951	208481549	0	4499227	3
tumblr.com	tagged/cutiepie/page	3	200	410479290	69720951	208481549	2	4499227	3
tumblr.com	dashboard/5	39394734511	200	410477936	69720951	208481549	4	4499227	3
tumblr.com	dashboard/2	39402547657	200	410477335	69720951	208481549	46	4499227	3
tumblr.com	dashboard/4	39396135534	200	410477445	69720951	208481549	30	4499227	3
tumblr.com	/	/	302	410478471	69720951	208481549	2	4499227	3
tumblr.com	tagged/cutiepie/page	2	200	410478930	69720951	208481549	22	4499227	3
tumblr.com	dashboard/3	39398591811	200	410477381	69720951	208481549	30	4499227	3
tumblr.com	dashboard/7	39378593667	200	410478177	69720951	208481549	0	4499227	3
tumblr.com	/	dashboard	200	410478473	69720951	208481549	1	4499227	3
tumblr.com	page	2	200	410478683	69720951	208481549	1	4499227	3
tumblr.com	dashboard/4	39397560564	200	410478613	69720951	208481549	1	4499227	3
tumblr.com	dashboard/9	39372585374	200	410478293	69720951	208481549	6	4499227	3
tumblr.com	tagged	cutiepie	200	410478823	69720951	208481549	1	4499227	3
tumblr.com	dashboard/2	39407465535	200	410478598	69720951	208481549	2	4499227	3
tumblr.com	/	/	302	410477286	69720951	208481549	1	4499227	3
tumblr.com	dashboard/8	39377247754	200	410478183	69720951	208481549	3	4499227	3
tumblr.com	dashboard/6	39391974887	200	410477970	69720951	208481549	2	4499227	3
gaiaonline.com	/	/	200	410420551	69720951	208481549	472	3307615	3
deviantart.com	/	/	200	410482692	69720951	208481549	1	906908	3
deviantart.com	/	/	200	410484287	69720951	208481549	5	906908	3
deviantart.com	/	/	200	410477411	69720951	208481549	34	906908	3
deviantart.com	/	/	200	410484900	69720951	208481549	15	906908	3
deviantart.com	gallery	/	200	410410478	69720951	208481549	63	906908	3
deviantart.com	/	/	200	410408844	69720951	208481549	33	906908	3
deviantart.com	/	/	200	410421899	69720951	208481549	39	906908	3
deviantart.com	gallery	27988653	200	410410541	69720951	208481549	32	906908	3
deviantart.com	notes	/	200	410482580	69720951	208481549	1	906908	3
gaiaonline.com	/	/	200	410478329	69720951	208481549	4	3307615	3
gaiaonline.com	/	/	200	410421833	69720951	208481549	66	3307615	3
gaiaonline.com	auth/login	/	302	410478323	69720951	208481549	5	3307615	3
facebook.com	ajax/pagelet/generic.php	PhotoViewerInitPagelet	200	410482133	69720951	208481549	16	3927365	3
facebook.com	ajax/pagelet/generic.php	PhotoViewerInitPagelet	200	410482164	69720951	208481549	2	3927365	3
facebook.com	ajax/pagelet/generic.php	PhotoViewerInitPagelet	200	410417832	69720951	208481549	34	3927365	3
facebook.com	ajax/pagelet/generic.php	PhotoViewerInitPagelet	200	410422289	69720951	208481549	51	3927365	3
youtube.com	/	results	200	410478141	69720951	208481549	2	3718815	3
youtube.com	/	results	200	410478146	69720951	208481549	4	3718815	3
gaiaonline.com	dailytreat/home	/	200	410478452	69720951	208481549	0	3307615	3
gaiaonline.com	/	/	200	410421050	69720951	208481549	600	3307615	3
gaiaonline.com	/	/	302	410420537	69720951	208481549	1	3307615	3
gaiaonline.com	/	/	302	410478320	69720951	208481549	3	3307615	3
gaiaonline.com	dailytreat/home	/	200	410421023	69720951	208481549	27	3307615	3
gaiaonline.com	auth/login	/	302	410420538	69720951	208481549	13	3307615	3
facebook.com	ajax/pagelet/generic.php	MoreStoriesPagelet	200	410422340	69720951	208481549	31	14932183	3
youtube.com	/	/	200	410469804	75467132	214271933	17	6174440	3
youtube.com	/	/	200	410468855	75467132	214271933	25	6174440	3
facebook.com	ajax/pagelet/generic.php	MoreStoriesPagelet	200	410419180	75467132	214271933	11	14932183	3
facebook.com	ajax/pagelet/generic.php	ProfileTimelineSectionPagelet	200	410472016	75467132	214271933	28	13704975	5
facebook.com	ajax/pagelet/generic.php	ProfileTimelineSectionPagelet	200	410420284	75467132	214271933	18	13704975	5
facebook.com	ajax/pagelet/generic.php	ProfileTimelineSectionPagelet	200	410471906	75467132	214271933	88	13704975	5
facebook.com	ajax/pagelet/generic.php	ProfileTimelineSectionPagelet	200	410472275	75467132	214271933	10	13704975	5
facebook.com	ajax/pagelet/generic.php	ProfileTimelineSectionPagelet	200	410471830	75467132	214271933	4	13704975	5
facebook.com	ajax/pagelet/generic.php	ProfileTimelineSectionPagelet	200	410420278	75467132	214271933	6	13704975	5
facebook.com	ajax/pagelet/generic.php	ProfileTimelineSectionPagelet	200	410471826	75467132	214271933	4	13704975	5
facebook.com	ajax/pagelet/generic.php	ProfileTimelineSectionPagelet	200	410472044	75467132	214271933	4	13704975	5
facebook.com	ajax/pagelet/generic.php	ProfileTimelineSectionPagelet	200	410471902	75467132	214271933	4	13704975	5
facebook.com	ajax/pagelet/generic.php	ProfileTimelineSectionPagelet	200	410472480	75467132	214271933	38	13704975	5
facebook.com	ajax/pagelet/generic.php	MoreStoriesPagelet	200	410418510	75467132	214271933	23	14932183	3
facebook.com	ajax/pagelet/generic.php	MoreStoriesPagelet	200	410420308	75467132	214271933	9	14932183	5
facebook.com	ajax/pagelet/generic.php	MoreStoriesPagelet	200	410419155	75467132	214271933	25	14932183	3
youtube.com	/	/	200	410474671	75467132	214271933	59	15276118	5
facebook.com	ajax/pagelet/generic.php	MoreStoriesPagelet	200	410418605	75467132	214271933	67	14932183	3
facebook.com	ajax/pagelet/generic.php	MoreStoriesPagelet	200	410418781	75467132	214271933	374	14932183	3
facebook.com	ajax/pagelet/generic.php	MoreStoriesPagelet	200	410419191	75467132	214271933	120	14932183	3
facebook.com	ajax/pagelet/generic.php	MoreStoriesPagelet	200	410471652	75467132	214271933	46	14932183	5
facebook.com	ajax/pagelet/generic.php	MoreStoriesPagelet	200	410420302	75467132	214271933	6	14932183	5
facebook.com	ajax/pagelet/generic.php	MoreStoriesPagelet	200	410418720	75467132	214271933	61	14932183	3
facebook.com	ajax/pagelet/generic.php	MoreStoriesPagelet	200	410418672	75467132	214271933	48	14932183	3
facebook.com	ajax/pagelet/generic.php	ProfileTimelineSectionPagelet	200	410472048	75467132	214271933	12	13704975	5
facebook.com	ajax/pagelet/generic.php	ProfileTimelineSectionPagelet	200	410472226	75467132	214271933	49	13704975	5
youtube.com	/	watch	200	410402181	75467132	214271933	60	6821014	3
youtube.com	/	watch	200	410401522	75467132	214271933	389	6821014	3
youtube.com	/	watch	200	410400650	75467132	214271933	285	6821014	3
youtube.com	/	watch	200	410400346	75467132	214271933	304	6821014	3
youtube.com	/	watch	200	410400935	75467132	214271933	240	6821014	3
youtube.com	/	watch	200	410400028	75467132	214271933	13	6821014	3
youtube.com	/	watch	200	410401175	75467132	214271933	347	6821014	3
youtube.com	/	watch	200	410401911	75467132	214271933	270	6821014	3
facebook.com	ajax/pagelet/generic.php	ProfileTimelineSectionPagelet	200	410420190	75467132	214271933	23	13704975	5
facebook.com	ajax/pagelet/generic.php	ProfileTimelineSectionPagelet	200	410471723	75467132	214271933	25	13704975	5
facebook.com	ajax/pagelet/generic.php	ProfileTimelineSectionPagelet	200	410472285	75467132	214271933	21	13704975	5
facebook.com	/	profile.php	200	410418433	75467132	214271933	1	8194001	3
facebook.com	/	profile.php	200	410471748	75467132	214271933	71	8194001	5
facebook.com	/	profile.php	200	410471819	75467132	214271933	7	8194001	5
facebook.com	/	profile.php	200	410471698	75467132	214271933	25	8194001	5
facebook.com	/	profile.php	200	410471834	75467132	214271933	8	8194001	5
youtube.com	/	watch	200	410477408	75467132	214271933	102	7549996	5
youtube.com	/	watch	200	410469941	75467132	214271933	69	7549991	3
youtube.com	/	watch	200	410470020	75467132	214271933	120	6928214	3
facebook.com	/	/	200	410471564	75467132	214271933	88	6056310	5
youtube.com	/	watch	200	410475675	75467132	214271933	70	3718815	5
youtube.com	/	watch	200	410474808	75467132	214271933	25	3718815	5
youtube.com	/	results	200	410468987	75467132	214271933	5	3718815	3
youtube.com	/	watch	204	410476322	75467132	214271933	91	3718815	5
youtube.com	/	results	200	410468880	75467132	214271933	12	3718815	3
youtube.com	/	results	200	410468892	75467132	214271933	27	3718815	3
youtube.com	/	watch	200	410470789	75467132	214271933	40	3718815	3
youtube.com	/	results	200	410470325	75467132	214271933	16	3718815	3
youtube.com	/	watch	200	410476136	75467132	214271933	94	3718815	5
youtube.com	/	watch	200	410475745	75467132	214271933	267	3718815	5
youtube.com	user	ooops	200	410469054	75467132	214271933	118	3718815	3
youtube.com	/	watch	200	410470889	75467132	214271933	38	3718815	3
youtube.com	/	results	200	410470782	75467132	214271933	7	3718815	3
youtube.com	/	results	200	410474803	75467132	214271933	5	3718815	5
youtube.com	/	results	200	410474740	75467132	214271933	17	3718815	5
youtube.com	/	watch	200	410469838	75467132	214271933	98	3718815	3
youtube.com	/	watch	204	410476418	75467132	214271933	13	3718815	5
youtube.com	/	results	200	410470479	75467132	214271933	7	3718815	3
youtube.com	/	results	200	410477919	75467132	214271933	5	3718815	5
youtube.com	/	watch	200	410474763	75467132	214271933	40	3718815	5
youtube.com	/	watch	204	410476431	75467132	214271933	133	3718815	5
youtube.com	/	results	200	410468919	75467132	214271933	68	3718815	3
youtube.com	/	watch	200	410470961	75467132	214271933	71	3718815	3
youtube.com	/	watch	200	410474833	75467132	214271933	600	3718815	5
youtube.com	/	watch	200	410477322	75467132	214271933	86	3718815	5
youtube.com	/	watch	200	410481463	75467132	214271933	60	3718815	5
youtube.com	/	watch	200	410477604	75467132	214271933	75	3718815	5
facebook.com	/	index.php	200	410418377	75467132	214271933	23	3531701	3
facebook.com	/	index.php	200	410472546	75467132	214271933	120	3531701	5
facebook.com	/	index.php	200	410420317	75467132	214271933	60	3531701	5
facebook.com	/	index.php	200	410472518	75467132	214271933	28	3531701	5
facebook.com	/	index.php	200	410471541	75467132	214271933	23	3531701	5
facebook.com	/	index.php	302	410471538	75467132	214271933	3	3531701	3
youtube.com	/	watch	200	410471032	75467132	214271933	57	3718815	3
youtube.com	/	watch	204	410477679	75467132	214271933	240	3718815	5
youtube.com	/	results	200	410474757	75467132	214271933	6	3718815	5
youtube.com	user/tovias2007	videos	200	410477510	75467132	214271933	2	3718815	5
youtube.com	/	watch	200	410476564	75467132	214271933	120	3718815	5
youtube.com	/	watch	200	410477171	75467132	214271933	92	3718815	5
youtube.com	/	watch	204	410477512	75467132	214271933	92	3718815	5
youtube.com	/	watch	200	410470486	75467132	214271933	61	3718815	3
youtube.com	/	watch	200	410475459	75467132	214271933	216	3718815	5
facebook.com	media/set	/	200	410471884	75467132	214271933	9	3531701	5
facebook.com	/	joshua.avalos.902	200	410420142	75467132	214271933	48	3531701	5
youtube.com	/	results	200	410476413	75467132	214271933	5	3718815	5
youtube.com	/	watch	200	410470829	75467132	214271933	60	3718815	3
facebook.com	/	joshua.avalos.902	200	410472472	75467132	214271933	8	5713857	5
facebook.com	/	raul.rodriguez.1840	200	410472203	75467132	214271933	23	5713857	5
facebook.com	Ohh.Yeahh.Onee.Deep	photos_albums	200	410471875	75467132	214271933	5	5713857	5
facebook.com	joshua.avalos.902	photos	200	410420213	75467132	214271933	11	5713857	5
facebook.com	joshua.avalos.902	friends	200	410472060	75467132	214271933	143	5713857	5
facebook.com	media/set	/	200	410471870	75467132	214271933	5	5713857	5
facebook.com	bianey.juarez.1/posts	143259435827900	200	410418452	75467132	214271933	7	5713857	3
facebook.com	raul.rodriguez.1840	friends	200	410472306	75467132	214271933	111	5713857	5
facebook.com	bianey.juarez.1/posts	143259435827900	200	410418459	75467132	214271933	7	5713857	3
facebook.com	media/set	/	200	410471880	75467132	214271933	4	5713857	5
facebook.com	ajax/pagelet/generic.php	PhotoViewerPagelet	200	410418552	75467132	214271933	14	3927365	3
facebook.com	/	/	200	410420245	75467132	214271933	23	5713857	5
facebook.com	/	angela.gonzalezavalos	200	410418434	75467132	214271933	18	5713857	3
facebook.com	joshua.avalos.902	photos_stream	200	410472438	75467132	214271933	8	5713857	5
facebook.com	/	/	200	410420041	75467132	214271933	101	6056310	5
facebook.com	/	joshua.avalos.902	200	410420268	75467132	214271933	10	5713857	5
facebook.com	joshua.avalos.902	photos	200	410472428	75467132	214271933	10	5713857	5
facebook.com	/	/	200	410418466	75467132	214271933	44	5713857	3
facebook.com	/	joshua.avalos.902	200	410472417	75467132	214271933	11	5713857	5
facebook.com	joshua.avalos.902	photos_stream	200	410420224	75467132	214271933	9	5713857	5
facebook.com	/	Ohh.Yeahh.Onee.Deep	200	410471893	75467132	214271933	9	5713857	5
facebook.com	/	joshua.avalos.902	200	410471994	75467132	214271933	22	5713857	5
facebook.com	Ohh.Yeahh.Onee.Deep	photos_albums	200	410471862	75467132	214271933	8	5713857	5
facebook.com	joshua.avalos.902	photos_albums	200	410420233	75467132	214271933	12	5713857	5
facebook.com	Ohh.Yeahh.Onee.Deep	photos_stream	200	410471842	75467132	214271933	6	5713857	5
facebook.com	ajax/pagelet/generic.php	PhotoViewerInitPagelet	200	410418421	75467132	214271933	12	3927365	3
facebook.com	ajax/pagelet/generic.php	PhotoViewerInitPagelet	200	410418400	75467132	214271933	21	3927365	3
youtube.com	/	results	200	410469936	75467132	214271933	5	3718815	3
youtube.com	/	watch	200	410469172	75467132	214271933	120	3718815	3
youtube.com	/	watch	200	410469826	75467132	214271933	12	3718815	3
youtube.com	/	results	200	410477263	75467132	214271933	5	3718815	5
youtube.com	/	watch	200	410476230	75467132	214271933	92	3718815	5
youtube.com	/	watch	200	410470341	75467132	214271933	138	3718815	3
youtube.com	/	results	200	410474730	75467132	214271933	10	3718815	5
youtube.com	/	watch	200	410468992	75467132	214271933	56	3718815	3
youtube.com	/	results	200	410469821	75467132	214271933	5	3718815	3
youtube.com	/	watch	200	410470547	75467132	214271933	235	3718815	3
youtube.com	/	watch	200	410471176	75467132	214271933	120	3718815	3
youtube.com	/	results	200	410470010	75467132	214271933	10	3718815	3
youtube.com	/	watch	200	410476012	75467132	214271933	124	3718815	5
youtube.com	/	watch	200	410470927	75467132	214271933	34	3718815	3
facebook.com	ajax/pagelet/generic.php	PhotoViewerInitPagelet	200	410471848	75467132	214271933	14	3927365	5
facebook.com	ajax/pagelet/generic.php	PhotoViewerInitPagelet	200	410418566	75467132	214271933	39	3927365	3
facebook.com	ajax/pagelet/generic.php	PhotoViewerInitPagelet	200	410472446	75467132	214271933	26	3927365	5
facebook.com	ajax/pagelet/generic.php	PhotoViewerInitPagelet	200	410418533	75467132	214271933	19	3927365	3
youtube.com	/	watch	200	410471089	75467132	214271933	87	3718815	3
youtube.com	/	watch	200	410477924	75467132	214271933	600	3718815	5
youtube.com	/	results	200	410469048	75467132	214271933	6	3718815	3
youtube.com	/	watch	204	410477268	75467132	214271933	54	3718815	5
youtube.com	/	watch	204	410476684	75467132	214271933	487	3718815	5
facebook.com	/	/	200	410454155	67617659	216689117	71	6056310	3
facebook.com	ajax/pagelet/generic.php	MoreStoriesPagelet	200	410454226	67617659	216689117	167	14932183	3
facebook.com	ajax/pagelet/generic.php	MoreStoriesPagelet	200	410454515	67617659	216689117	600	14932183	3
facebook.com	ajax/pagelet/generic.php	MoreStoriesPagelet	200	410462427	67617659	216689117	60	14932183	3
facebook.com	ajax/pagelet/generic.php	MoreStoriesPagelet	200	410462409	67617659	216689117	18	14932183	3
facebook.com	ajax/pagelet/generic.php	MoreStoriesPagelet	200	410454393	67617659	216689117	122	14932183	3
facebook.com	/	/	200	410474688	77552817	217198013	158	5713857	3
facebook.com	/	adam.pliss	200	410485876	77552817	217198013	23	5713857	3
facebook.com	messages	567643343	200	410482046	77552817	217198013	120	5713857	3
facebook.com	/	adam.pliss	200	410485839	77552817	217198013	5	5713857	3
facebook.com	/	adam.pliss	200	410474555	77552817	217198013	2	5713857	3
facebook.com	/	adam.pliss	200	410485850	77552817	217198013	3	5713857	3
facebook.com	messages	567643343	200	410485625	77552817	217198013	19	5713857	3
facebook.com	/	mindy.russo	200	410404257	77552817	217198013	60	5713857	3
facebook.com	/	adam.pliss	200	410474846	77552817	217198013	7	5713857	3
facebook.com	/	adam.pliss	200	410474886	77552817	217198013	44	5713857	3
facebook.com	/	adam.pliss	200	410474637	77552817	217198013	51	5713857	3
facebook.com	messages	567643343	200	410473438	77552817	217198013	120	5713857	3
facebook.com	/	adam.pliss	200	410482786	77552817	217198013	60	5713857	3
facebook.com	/	/	200	410485644	77552817	217198013	27	5713857	3
facebook.com	messages	1520815047	200	410485844	77552817	217198013	6	5713857	3
facebook.com	/	/	200	410463143	77552817	217198013	1	6056310	3
facebook.com	/	/	200	410463152	77552817	217198013	60	5713857	3
facebook.com	/	/	200	410473429	77552817	217198013	9	6056310	3
facebook.com	/	/	200	410404185	77552817	217198013	5	6056310	3
facebook.com	/	/	200	410404175	77552817	217198013	10	6056310	5
facebook.com	ajax/pagelet/generic.php	ProfileTimelineSectionPagelet	200	410485856	77552817	217198013	16	13704975	3
facebook.com	ajax/pagelet/generic.php	ProfileTimelineSectionPagelet	200	410474589	77552817	217198013	41	13704975	3
facebook.com	ajax/pagelet/generic.php	ProfileTimelineSectionPagelet	200	410474630	77552817	217198013	7	13704975	3
facebook.com	ajax/pagelet/generic.php	ProfileTimelineSectionPagelet	200	410474382	77552817	217198013	120	13704975	3
facebook.com	ajax/pagelet/generic.php	ProfileTimelineSectionPagelet	200	410474868	77552817	217198013	5	13704975	3
facebook.com	ajax/pagelet/generic.php	ProfileTimelineSectionPagelet	200	410485872	77552817	217198013	4	13704975	3
facebook.com	ajax/pagelet/generic.php	ProfileTimelineSectionPagelet	200	410474560	77552817	217198013	6	13704975	3
facebook.com	ajax/pagelet/generic.php	ProfileTimelineSectionPagelet	200	410421542	77552817	217198013	26	13704975	3
facebook.com	ajax/pagelet/generic.php	ProfileTimelineSectionPagelet	200	410474570	77552817	217198013	19	13704975	3
facebook.com	ajax/pagelet/generic.php	ProfileTimelineSectionPagelet	200	410474873	77552817	217198013	13	13704975	3
facebook.com	ajax/pagelet/generic.php	GroupFeedPagelet	200	410482778	77552817	217198013	8	14394902	3
facebook.com	ajax/pagelet/generic.php	MoreStoriesPagelet	200	410485832	77552817	217198013	7	14932183	3
facebook.com	ajax/pagelet/generic.php	MoreStoriesPagelet	200	410485671	77552817	217198013	47	14932183	3
facebook.com	ajax/pagelet/generic.php	MoreStoriesPagelet	200	410485718	77552817	217198013	114	14932183	3
facebook.com	ajax/pagelet/generic.php	MoreStoriesPagelet	200	410404190	77552817	217198013	13	14932183	3
facebook.com	ajax/pagelet/generic.php	MoreStoriesPagelet	200	410404211	77552817	217198013	46	14932183	3
facebook.com	/	/	200	410474557	77552817	217198013	2	6056310	3
facebook.com	/	/	200	410421503	77552817	217198013	4	6056310	3
facebook.com	/	/	200	410473417	77552817	217198013	12	6056310	5
facebook.com	/	/	200	410462657	77552817	217198013	3	6056310	3
facebook.com	/	/	200	410472430	77552817	217198013	1	6056310	3
facebook.com	/	/	302	410404174	77552817	217198013	1	6056310	3
facebook.com	/	/	302	410473416	77552817	217198013	1	6056310	3
facebook.com	/	/	200	410485606	77552817	217198013	1	6056310	3
facebook.com	/	/	200	410482038	77552817	217198013	2	6056310	3
facebook.com	/	michael.pettit.9440	200	410474566	77552817	217198013	4	8222324	3
facebook.com	/	profile.php	200	410485607	77552817	217198013	3	3531701	3
facebook.com	/	profile.php	200	410462656	77552817	217198013	1	3531701	3
facebook.com	/	MysticRhythmsTributeToRush	200	410485853	77552817	217198013	2	3531701	3
facebook.com	/	adam.pliss	200	410462660	77552817	217198013	120	3531701	3
youtube.com	/	all_comments	200	410421474	77552817	217198013	28	3718815	3
youtube.com	/	my_videos	200	410474930	77552817	217198013	60	3718815	3
youtube.com	/	my_videos	200	410474853	77552817	217198013	11	3718815	3
youtube.com	/	my_videos	200	410421458	77552817	217198013	16	3718815	3
youtube.com	user	Brazilady	200	410421444	77552817	217198013	14	3718815	3
youtube.com	/	watch	200	410486025	77552817	217198013	33	3718815	3
youtube.com	/	my_videos	200	410421422	77552817	217198013	6	3718815	3
youtube.com	/	my_videos	200	410421568	77552817	217198013	60	3718815	3
facebook.com	/	mysticrhythmsband	200	410485855	77552817	217198013	1	3531701	3
facebook.com	/	profile.php	200	410463144	77552817	217198013	2	3531701	3
facebook.com	/	adam.pliss	200	410421507	77552817	217198013	35	3531701	3
facebook.com	/	adam.pliss	200	410472445	77552817	217198013	120	3531701	3
facebook.com	/	profile.php	200	410472431	77552817	217198013	14	3531701	3
facebook.com	/	mysticrhythmsband	200	410474866	77552817	217198013	2	3531701	3
facebook.com	/	adam.pliss	200	410474559	77552817	217198013	1	3531701	3
facebook.com	/	adam.pliss	200	410482040	77552817	217198013	6	3531701	3
facebook.com	/	MysticRhythmsTributeToRush	200	410474864	77552817	217198013	2	3531701	3
facebook.com	/	adam.pliss	200	410485610	77552817	217198013	15	3531701	3
facebook.com	/	profile.php	200	410421502	77552817	217198013	1	3531701	3
facebook.com	/	adam.pliss	200	410463146	77552817	217198013	6	3531701	3
facebook.com	/	profile.php	200	410482038	77552817	217198013	0	3531701	3
youtube.com	/	my_videos	200	410486151	77552817	217198013	7	3718815	3
youtube.com	/	my_videos	200	410482027	77552817	217198013	11	3718815	3
youtube.com	/	all_comments	200	410421428	77552817	217198013	16	3718815	3
facebook.com	ajax/pagelet/generic.php	MoreStoriesPagelet	200	410404203	77552817	217198013	8	14932183	3
youtube.com	/	/	200	410453419	71173631	218513549	54	6174440	3
youtube.com	/	results	200	410453478	71173631	218513549	10	3718815	3
youtube.com	/	watch	200	410453488	71173631	218513549	120	3718815	3
facebook.com	ajax/pagelet/generic.php	MoreStoriesPagelet	200	410465594	80359064	222053213	12	14932183	3
youtube.com	/	watch	200	410469576	80359064	222053213	47	3718815	3
youtube.com	/	watch	200	410468215	80359064	222053213	86	3718815	3
youtube.com	/	results	200	410478016	80359064	222053213	15	3718815	3
youtube.com	/	results	200	410480111	80359064	222053213	3	3718815	3
youtube.com	channel	HCtnHdj3df7iM	200	410478034	80359064	222053213	1	3718815	3
youtube.com	channel	HCp-Rdqh3z4Uc	200	410477883	80359064	222053213	28	3718815	3
youtube.com	/	watch	200	410470130	80359064	222053213	43	3718815	3
youtube.com	/	watch	200	410468872	80359064	222053213	8	3718815	3
youtube.com	/	watch	200	410470343	80359064	222053213	189	3718815	3
youtube.com	/	watch	200	410469623	80359064	222053213	17	3718815	3
youtube.com	/	watch	200	410468662	80359064	222053213	159	3718815	3
youtube.com	/	supported_browsers	200	410478031	80359064	222053213	3	3718815	3
youtube.com	/	watch	200	410469218	80359064	222053213	3	3718815	3
youtube.com	/	results	200	410468336	80359064	222053213	32	3718815	3
youtube.com	/	results	200	410478160	80359064	222053213	19	3718815	3
youtube.com	/	watch	200	410468391	80359064	222053213	3	3718815	3
youtube.com	/	watch	200	410468394	80359064	222053213	268	3718815	3
youtube.com	/	results	200	410478221	80359064	222053213	5	3718815	3
youtube.com	/	watch	200	410468825	80359064	222053213	43	3718815	3
youtube.com	/	results	200	410468189	80359064	222053213	23	3718815	3
youtube.com	/	watch	200	410470223	80359064	222053213	38	3718815	3
youtube.com	/	watch	200	410468868	80359064	222053213	4	3718815	3
youtube.com	/	results	200	410478189	80359064	222053213	1	3718815	3
youtube.com	/	music	200	410478179	80359064	222053213	10	3718815	3
youtube.com	/	watch	200	410469221	80359064	222053213	334	3718815	3
youtube.com	/	results	200	410468368	80359064	222053213	19	3718815	3
youtube.com	/	watch	200	410478136	80359064	222053213	24	3718815	3
youtube.com	/	watch	200	410470012	80359064	222053213	118	3718815	3
youtube.com	/	watch	200	410478519	80359064	222053213	370	3718815	3
youtube.com	/	watch	200	410468821	80359064	222053213	4	3718815	3
youtube.com	/	watch	200	410469648	80359064	222053213	258	3718815	3
youtube.com	/	results	200	410468070	80359064	222053213	11	3718815	3
youtube.com	/	watch	200	410470008	80359064	222053213	4	3718815	3
youtube.com	/	results	200	410478447	80359064	222053213	8	3718815	3
youtube.com	channel	HCtnHdj3df7iM	200	410477911	80359064	222053213	70	3718815	3
youtube.com	/	results	200	410478116	80359064	222053213	17	3718815	3
youtube.com	/	watch	200	410478458	80359064	222053213	54	3718815	3
youtube.com	/	watch	200	410469646	80359064	222053213	2	3718815	3
youtube.com	/	watch	200	410470768	80359064	222053213	120	3718815	3
youtube.com	/	results	200	410478512	80359064	222053213	4	3718815	3
youtube.com	/	watch	200	410468081	80359064	222053213	2	3718815	3
youtube.com	/	watch	200	410468212	80359064	222053213	3	3718815	3
youtube.com	/	supported_browsers	200	410477995	80359064	222053213	21	3718815	3
youtube.com	/	watch	200	410469906	80359064	222053213	102	3718815	3
youtube.com	/	watch	200	410478133	80359064	222053213	3	3718815	3
youtube.com	/	results	200	410470532	80359064	222053213	7	3718815	3
youtube.com	/	watch	200	410478516	80359064	222053213	3	3718815	3
facebook.com	/	/	200	410465486	80359064	222053213	27	3531701	3
facebook.com	welcomeback/requests	/	200	410465471	80359064	222053213	15	3531701	3
facebook.com	/	/	200	410474022	80359064	222053213	6	3531701	3
facebook.com	/	/	200	410465720	80359064	222053213	31	3531701	3
facebook.com	/	index.php	200	410474314	80359064	222053213	120	3531701	5
facebook.com	/	notifications	200	410474124	80359064	222053213	14	3531701	3
facebook.com	/	tracey.shaw.1293	200	410474257	80359064	222053213	3	3531701	3
facebook.com	/	necole.phillips.3	200	410474004	80359064	222053213	2	3531701	3
youtube.com	/	watch	200	410468880	80359064	222053213	274	3718815	3
youtube.com	/	watch	200	410470341	80359064	222053213	2	3718815	3
youtube.com	/	results	200	410469210	80359064	222053213	8	3718815	3
youtube.com	/	results	200	410469640	80359064	222053213	6	3718815	3
youtube.com	/	results	200	410470327	80359064	222053213	14	3718815	3
facebook.com	/	index.php	200	410468023	80359064	222053213	6	3531701	5
facebook.com	/	king.dayy	200	410467650	80359064	222053213	1	3531701	3
facebook.com	dough.phersh/posts	516847325015421	200	410474233	80359064	222053213	8	3531701	3
facebook.com	/	dough.phersh	200	410474241	80359064	222053213	5	3531701	3
facebook.com	king.dayy/posts	383020685121989	200	410465868	80359064	222053213	82	3531701	3
facebook.com	/	notifications	200	410473961	80359064	222053213	43	3531701	3
facebook.com	/	/	200	410467996	80359064	222053213	12	3531701	3
facebook.com	/	king.dayy	200	410465652	80359064	222053213	5	3531701	3
facebook.com	/	/	200	410465575	80359064	222053213	19	3531701	3
facebook.com	/	notifications	200	410465606	80359064	222053213	46	3531701	3
facebook.com	/	nataliehendrix	200	410474174	80359064	222053213	59	3531701	3
facebook.com	/	index.php	200	410465950	80359064	222053213	6	3531701	5
youtube.com	/	results	200	410468387	80359064	222053213	4	3718815	3
youtube.com	/	results	200	410469555	80359064	222053213	17	3718815	3
youtube.com	/	watch	200	410468083	80359064	222053213	106	3718815	3
youtube.com	/	watch	200	410478226	80359064	222053213	3	6928214	3
youtube.com	/	watch	200	410480114	80359064	222053213	286	6928214	3
youtube.com	/	watch	200	410480400	80359064	222053213	45	6928214	3
youtube.com	/	watch	200	410478229	80359064	222053213	120	6928214	3
youtube.com	/	/	200	410468029	80359064	222053213	41	6174440	3
youtube.com	/	/	200	410478213	80359064	222053213	8	6174440	3
youtube.com	/	/	200	410478190	80359064	222053213	0	6174440	3
youtube.com	/	/	200	410478098	80359064	222053213	18	6174440	3
facebook.com	/	/	200	410473884	80359064	222053213	32	6056310	5
facebook.com	/	/	200	410467595	80359064	222053213	35	6056310	3
facebook.com	/	/	200	410467573	80359064	222053213	22	6056310	5
facebook.com	/	/	302	410465440	80359064	222053213	1	6056310	3
facebook.com	/	/	200	410473916	80359064	222053213	45	6056310	3
facebook.com	/	/	200	410465441	80359064	222053213	30	6056310	5
facebook.com	/	/	302	410467572	80359064	222053213	1	6056310	3
facebook.com	ajax/pagelet/generic.php	MoreStoriesPagelet	200	410467630	80359064	222053213	20	14932183	3
facebook.com	ajax/pagelet/generic.php	MoreStoriesPagelet	200	410465751	80359064	222053213	95	14932183	3
facebook.com	ajax/pagelet/generic.php	MoreStoriesPagelet	200	410468008	80359064	222053213	15	14932183	3
facebook.com	groups/313SinCity	/	200	410474138	80359064	222053213	36	14394903	3
facebook.com	ajax/pagelet/generic.php	GroupFeedPagelet	200	410474102	80359064	222053213	22	14394902	3
facebook.com	ajax/pagelet/generic.php	GroupFeedPagelet	200	410474072	80359064	222053213	16	14394902	3
facebook.com	ajax/home	generic.php	200	410474028	80359064	222053213	44	14394902	3
facebook.com	ajax/pagelet/generic.php	GroupFeedPagelet	200	410474088	80359064	222053213	14	14394902	3
facebook.com	ajax/pagelet/generic.php	ProfileTimelineSectionPagelet	200	410474260	80359064	222053213	48	13704975	3
facebook.com	ajax/pagelet/generic.php	ProfileTimelineSectionPagelet	200	410467731	80359064	222053213	23	13704975	3
facebook.com	ajax/pagelet/generic.php	ProfileTimelineSectionPagelet	200	410467774	80359064	222053213	44	13704975	3
facebook.com	ajax/pagelet/generic.php	ProfileTimelineSectionPagelet	200	410474308	80359064	222053213	6	13704975	3
facebook.com	ajax/pagelet/generic.php	ProfileTimelineSectionPagelet	200	410465657	80359064	222053213	4	13704975	3
facebook.com	ajax/pagelet/generic.php	ProfileTimelineSectionPagelet	200	410465661	80359064	222053213	59	13704975	3
facebook.com	ajax/pagelet/generic.php	ProfileTimelineSectionPagelet	200	410474246	80359064	222053213	11	13704975	3
facebook.com	ajax/pagelet/generic.php	ProfileTimelineSectionPagelet	200	410467754	80359064	222053213	20	13704975	3
facebook.com	ajax/pagelet/generic.php	ProfileTimelineSectionPagelet	200	410474006	80359064	222053213	16	13704975	3
facebook.com	ajax/pagelet/generic.php	ProfileTimelineSectionPagelet	200	410467906	80359064	222053213	61	13704975	3
facebook.com	ajax/pagelet/generic.php	ProfileTimelineSectionPagelet	200	410467651	80359064	222053213	80	13704975	3
facebook.com	messages	100002221607187	200	410465542	80359064	222053213	33	11157922	3
facebook.com	ajax/pagelet/generic.php	ProfileTimelineRemainingYearsPagelet	200	410467967	80359064	222053213	29	4408844	3
facebook.com	ajax/home	generic.php	200	410465846	80359064	222053213	22	4408844	3
twitter.com	/	/	200	410464161	80359064	222053213	1	4272659	3
twitter.com	settings	profile	200	410466355	80359064	222053213	16	4272659	5
twitter.com	/	/	200	410465424	80359064	222053213	7	4272659	5
twitter.com	/	/	200	410466662	80359064	222053213	1	4272659	5
twitter.com	/	/	200	410465956	80359064	222053213	26	4272659	3
twitter.com	settings	account	200	410467529	80359064	222053213	35	4272659	5
twitter.com	i	/	200	410466092	80359064	222053213	38	4272659	5
twitter.com	/	/	200	410465990	80359064	222053213	25	4272659	5
twitter.com	/	IAmTRaaw	200	410466658	80359064	222053213	4	4272659	5
twitter.com	/	/	200	410466642	80359064	222053213	1	4272659	5
facebook.com	ajax/pagelet/generic.php	PhotoViewerInitPagelet	200	410465513	80359064	222053213	29	3927365	3
facebook.com	ajax/pagelet/generic.php	PhotoViewerInitPagelet	200	410467818	80359064	222053213	88	3927365	3
youtube.com	/	results	200	410469154	80359064	222053213	30	3718815	3
youtube.com	/	watch	200	410478889	80359064	222053213	247	3718815	3
youtube.com	/	results	200	410468301	80359064	222053213	35	3718815	3
youtube.com	/	watch	200	410469572	80359064	222053213	4	3718815	3
youtube.com	/	watch	200	410478455	80359064	222053213	3	3718815	3
youtube.com	/	watch	200	410470173	80359064	222053213	50	3718815	3
youtube.com	/	results	200	410469184	80359064	222053213	26	3718815	3
youtube.com	/	watch	200	410470539	80359064	222053213	229	3718815	3
youtube.com	/	watch	200	410470261	80359064	222053213	66	3718815	3
twitter.com	i	/	200	410466867	80359064	222053213	106	4272659	5
twitter.com	settings/accounts	update	302	410467518	80359064	222053213	11	4272659	5
twitter.com	/	/	200	410471436	80359064	222053213	9	4272659	5
twitter.com	/	/	200	410464282	80359064	222053213	600	4272659	5
twitter.com	i	/	200	410466663	80359064	222053213	203	4272659	5
twitter.com	/	PlayType_Cool	200	410471445	80359064	222053213	120	4272659	5
twitter.com	/	logout	302	410464182	80359064	222053213	37	4272659	5
twitter.com	i	discover	200	410465233	80359064	222053213	191	4272659	5
twitter.com	/	/	200	410471416	80359064	222053213	20	4272659	3
twitter.com	i	/	200	410466643	80359064	222053213	15	4272659	5
twitter.com	/	/	200	410466866	80359064	222053213	1	4272659	5
twitter.com	i	discover	200	410466015	80359064	222053213	77	4272659	5
twitter.com	/	IAmTRaaw	200	410466996	80359064	222053213	421	4272659	5
twitter.com	/	/	200	410464162	80359064	222053213	20	4272659	5
twitter.com	/	/	200	410464219	80359064	222053213	63	4272659	5
twitter.com	/	logout	302	410465431	80359064	222053213	9	4272659	5
twitter.com	/	logout	302	410467564	80359064	222053213	8	4272659	5
twitter.com	i	/	200	410466979	80359064	222053213	17	4272659	5
twitter.com	settings	account	200	410467417	80359064	222053213	101	4272659	5
twitter.com	/	PlayType_Cool	200	410466371	80359064	222053213	271	4272659	5
twitter.com	/	PlayType_Cool	200	410466130	80359064	222053213	225	4272659	5
twitter.com	/	IAmTRaaw	200	410466973	80359064	222053213	6	4272659	5
twitter.com	/	/	200	410465982	80359064	222053213	8	4272659	5
twitter.com	/	/	200	410464071	80359064	222053213	56	4272659	3
youtube.com	/	watch	200	410478340	81623221	223069325	6	7549991	3
youtube.com	/	watch	200	410477539	81623221	223069325	3	7549991	3
youtube.com	/	watch	200	410478346	81623221	223069325	76	7549991	3
youtube.com	/	watch	200	410478257	81623221	223069325	69	7549991	3
youtube.com	/	watch	200	410477814	81623221	223069325	120	7549991	3
youtube.com	/	watch	200	410478249	81623221	223069325	8	7549991	3
youtube.com	/	watch	200	410477542	81623221	223069325	272	7549991	3
youtube.com	/	watch	200	410477120	81623221	223069325	16	6928214	3
youtube.com	/	watch	200	410477179	81623221	223069325	1	6928214	3
youtube.com	/	watch	200	410477180	81623221	223069325	105	6928214	3
youtube.com	/	/	200	410476784	81623221	223069325	14	6174440	3
tagged.com	/	notifications.html	302	410405779	81623221	223069325	10	9089132	3
tagged.com	/	index.html	200	410405779	81623221	223069325	0	9089132	3
youtube.com	/	results	200	410477111	81623221	223069325	9	3718815	3
youtube.com	/	watch	200	410477053	81623221	223069325	58	3718815	3
youtube.com	/	results	200	410478326	81623221	223069325	14	3718815	3
youtube.com	/	results	200	410477285	81623221	223069325	6	3718815	3
youtube.com	/	watch	200	410477291	81623221	223069325	3	3718815	3
youtube.com	/	results	200	410477047	81623221	223069325	4	3718815	3
youtube.com	/	results	200	410476895	81623221	223069325	24	3718815	3
youtube.com	/	results	200	410477146	81623221	223069325	27	3718815	3
youtube.com	/	watch	200	410476987	81623221	223069325	60	3718815	3
youtube.com	/	results	200	410476798	81623221	223069325	45	3718815	3
youtube.com	/	results	200	410477136	81623221	223069325	10	3718815	3
youtube.com	/	watch	200	410477294	81623221	223069325	232	3718815	3
youtube.com	/	results	200	410476843	81623221	223069325	52	3718815	3
youtube.com	/	watch	200	410476931	81623221	223069325	54	3718815	3
youtube.com	/	watch	200	410476985	81623221	223069325	2	3718815	3
youtube.com	/	results	200	410477173	81623221	223069325	6	3718815	3
youtube.com	/	watch	200	410477051	81623221	223069325	2	3718815	3
youtube.com	/	results	200	410477526	81623221	223069325	13	3718815	3
youtube.com	/	watch	200	410476919	81623221	223069325	12	3718815	3
youtube.com	/	results	200	410478241	81623221	223069325	8	3718815	3
facebook.com	onthefarm	session.php	200	410479726	80356416	235239581	600	7212428	5
facebook.com	onthefarm	session.php	200	410481527	80356416	235239581	120	7212428	5
facebook.com	onthefarm	drip_email.php	200	410468062	80356416	235239581	26	7212428	5
facebook.com	/	/	200	410470677	80356416	235239581	18	6056310	5
facebook.com	onthefarm	session.php	200	410477927	80356416	235239581	600	7212428	5
facebook.com	onthefarm	/	200	410470718	80356416	235239581	1	7212428	5
facebook.com	onthefarm	session.php	200	410472525	80356416	235239581	600	7212428	5
facebook.com	onthefarm	session.php	200	410474327	80356416	235239581	120	7212428	5
facebook.com	onthefarm	session.php	200	410476126	80356416	235239581	600	7212428	5
facebook.com	ajax/pagelet/generic.php	MoreStoriesPagelet	200	410463973	80356416	235239581	18	14932183	5
facebook.com	farmville-two	/	200	410468587	80356416	235239581	5	15868848	5
facebook.com	farmville-two	session.php	200	410485488	80356416	235239581	60	15868848	5
facebook.com	farmville-two	/	200	410457235	80356416	235239581	35	15868848	5
facebook.com	farmville-two	session.php	200	410460833	80356416	235239581	120	15868848	5
facebook.com	gardensoftime	/	200	410465497	80356416	235239581	120	10276945	5
facebook.com	gardensoftime/newsfeeds	systemBAPINewsFeed	200	410465461	80356416	235239581	36	10276945	5
facebook.com	gardensoftime/newsfeeds	systemBAPINewsFeed	302	410465449	80356416	235239581	12	10276945	3
facebook.com	dialog	apprequests	200	410465834	80356416	235239581	31	3531701	5
facebook.com	dialog	apprequests	200	410468747	80356416	235239581	4	3531701	5
facebook.com	dialog	apprequests	200	410457510	80356416	235239581	8	3531701	5
facebook.com	dialog	apprequests	200	410467752	80356416	235239581	22	3531701	5
facebook.com	dialog	apprequests	200	410470891	80356416	235239581	5	3531701	5
facebook.com	dialog	apprequests	200	410470944	80356416	235239581	4	3531701	5
facebook.com	dialog	apprequests	200	410475615	80356416	235239581	9	3531701	5
facebook.com	dialog	apprequests	200	410470914	80356416	235239581	4	3531701	5
facebook.com	dialog	apprequests	200	410468772	80356416	235239581	5	3531701	5
facebook.com	dialog	apprequests	200	410475589	80356416	235239581	26	3531701	5
facebook.com	dialog	apprequests	200	410457518	80356416	235239581	4	3531701	5
facebook.com	dialog	apprequests	200	410483925	80356416	235239581	120	3531701	5
facebook.com	dialog	apprequests	200	410457495	80356416	235239581	5	3531701	5
facebook.com	dialog	apprequests	200	410467774	80356416	235239581	53	3531701	5
facebook.com	dialog	apprequests	200	410457522	80356416	235239581	5	3531701	5
facebook.com	dialog	apprequests	200	410470905	80356416	235239581	4	3531701	5
facebook.com	dialog	apprequests	200	410464145	80356416	235239581	120	3531701	5
facebook.com	dialog	apprequests	200	410482373	80356416	235239581	80	3531701	5
facebook.com	dialog	apprequests	200	410465115	80356416	235239581	9	3531701	5
facebook.com	dialog	apprequests	200	410457547	80356416	235239581	4	3531701	5
facebook.com	dialog	apprequests	200	410470926	80356416	235239581	4	3531701	5
facebook.com	dialog	apprequests	200	410458381	80356416	235239581	20	3531701	5
facebook.com	dialog	apprequests	200	410470896	80356416	235239581	5	3531701	5
facebook.com	dialog	apprequests	200	410465865	80356416	235239581	203	3531701	5
facebook.com	dialog	apprequests	200	410457500	80356416	235239581	10	3531701	5
facebook.com	dialog	apprequests	200	410457491	80356416	235239581	4	3531701	5
facebook.com	dialog	apprequests	200	410482453	80356416	235239581	600	3531701	5
facebook.com	dialog	apprequests	200	410470901	80356416	235239581	4	3531701	5
facebook.com	dialog	apprequests	200	410470939	80356416	235239581	5	3531701	5
facebook.com	dialog	apprequests	200	410457555	80356416	235239581	48	3531701	5
facebook.com	dialog	apprequests	200	410467827	80356416	235239581	107	3531701	5
facebook.com	dialog	apprequests	200	410457540	80356416	235239581	7	3531701	5
facebook.com	dialog	apprequests	200	410470952	80356416	235239581	120	3531701	5
facebook.com	dialog	apprequests	200	410461281	80356416	235239581	600	3531701	5
facebook.com	dialog	apprequests	200	410457551	80356416	235239581	4	3531701	5
facebook.com	dialog	apprequests	200	410475624	80356416	235239581	120	3531701	5
facebook.com	dialog	apprequests	200	410470918	80356416	235239581	4	3531701	5
facebook.com	dialog	apprequests	200	410468756	80356416	235239581	8	3531701	5
facebook.com	dialog	apprequests	200	410457481	80356416	235239581	6	3531701	5
facebook.com	dialog	apprequests	200	410470930	80356416	235239581	9	3531701	5
facebook.com	dialog	apprequests	200	410461098	80356416	235239581	183	3531701	5
facebook.com	dialog	apprequests	200	410457487	80356416	235239581	4	3531701	5
facebook.com	ajax/home	generic.php	200	410470695	80356416	235239581	23	4408844	5
facebook.com	dialog	apprequests	200	410475526	80356416	235239581	15	3531701	5
facebook.com	dialog	apprequests	200	410470909	80356416	235239581	5	3531701	5
facebook.com	dialog	apprequests	200	410457527	80356416	235239581	13	3531701	5
facebook.com	dialog	apprequests	200	410482356	80356416	235239581	12	3531701	5
facebook.com	dialog	apprequests	200	410470948	80356416	235239581	4	3531701	5
facebook.com	dialog	apprequests	200	410468731	80356416	235239581	16	3531701	5
facebook.com	dialog	apprequests	200	410482368	80356416	235239581	5	3531701	5
facebook.com	dialog	apprequests	200	410458401	80356416	235239581	60	3531701	5
facebook.com	/	/	200	410463764	80356416	235239581	120	3531701	5
facebook.com	dialog	apprequests	200	410475582	80356416	235239581	7	3531701	5
facebook.com	dialog	apprequests	200	410475541	80356416	235239581	41	3531701	5
facebook.com	dialog	apprequests	200	410468764	80356416	235239581	8	3531701	5
facebook.com	dialog	apprequests	200	410466068	80356416	235239581	600	3531701	5
facebook.com	dialog	apprequests	200	410470887	80356416	235239581	4	3531701	5
facebook.com	dialog	apprequests	200	410470922	80356416	235239581	4	3531701	5
facebook.com	dialog	apprequests	200	410468777	80356416	235239581	60	3531701	5
facebook.com	dialog	apprequests	200	410466889	80356416	235239581	600	3531701	5
facebook.com	dialog	apprequests	200	410460963	80356416	235239581	135	3531701	5
facebook.com	dialog	apprequests	200	410468751	80356416	235239581	5	3531701	5
facebook.com	farmville-two	viral.php	200	410463991	80356416	235239581	22	15868848	5
