twitter.com	/	NanaMs03	200	410475755	97038498	161694877	31	4272659	5
twitter.com	/	IFlyWithCim	200	410475558	97038498	161694877	120	4272659	5
youtube.com	/	/	200	410463706	124183490	162483181	23	6174440	3
youtube.com	/	results	200	410430997	126218396	162578221	7	3718815	3
youtube.com	user	okanokumo	200	410431004	126218396	162578221	99	3718815	3
facebook.com	/	/	302	410472460	127758079	162636565	91	3531701	3
myspace.com	games/play	113384	200	410444454	126312797	162644701	104	8223233	3
youtube.com	/	/	200	410404777	128185455	162654445	32	6174440	3
youtube.com	/	watch	200	410431854	129005950	162707197	319	3718815	3
instagram.com	p/T4J6VbyWTg	/	200	410465730	129965871	162737149	16	9585106	3
instagram.com	p/T4J6VbyWTg	/	200	410465746	129965871	162737149	120	9585106	3
facebook.com	/	bubbleplyapp	302	410413823	131596451	162849757	5	3531701	3
charlotterusse.com	catalog/includes	quicklook_miniproduct.jsp	200	410485441	70223389	211276261	32	4619296	3
facebook.com	ajax/pagelet/generic.php	MoreStoriesPagelet	200	410408578	76916677	216566341	18	14932183	5
facebook.com	ajax/pagelet/generic.php	ProfileTimelineSectionPagelet	200	410408927	76916677	216566341	9	13704975	5
facebook.com	/	/	200	410408544	76916677	216566341	5	5713857	5
facebook.com	messages	/	200	410408549	76916677	216566341	9	5713857	5
youtube.com	/	watch	200	410465261	76551631	217037269	4	6928214	3
facebook.com	ajax/pagelet/generic.php	ProfileTimelineSectionPagelet	200	410475538	72157793	223640773	5	13704975	5
facebook.com	/	Zanfinaismailiofficial	200	410475616	72157793	223640773	13	8222324	5
facebook.com	ajax/pagelet/generic.php	MoreStoriesPagelet	200	410484305	72157793	223640773	14	14932183	5
facebook.com	ajax/pagelet/generic.php	ProfileTimelineSectionPagelet	200	410476838	72157793	223640773	4	13704975	5
facebook.com	ajax/pagelet/generic.php	ProfileTimelineSectionPagelet	200	410475405	72157793	223640773	34	13704975	5
facebook.com	ajax/pagelet/generic.php	MoreStoriesPagelet	200	410473684	72157793	223640773	11	14932183	5
youtube.com	/	watch	200	410484553	72157793	223640773	13	3718815	3
facebook.com	ajax/pagelet/generic.php	PhotoViewerInitPagelet	200	410476990	72157793	223640773	11	3927365	5
youtube.com	/	results	200	410484402	72157793	223640773	19	3718815	3
facebook.com	/	permalink.php	200	410476791	72157793	223640773	29	5713857	5
facebook.com	megapolis_game	/	200	410473512	72157793	223640773	21	4761456	5
facebook.com	ajax/pagelet/generic.php	MoreStoriesPagelet	200	410402719	82187702	223644709	50	14932183	3
facebook.com	ajax/pagelet/generic.php	PhotoViewerInitPagelet	200	410401991	82187702	223644709	86	3927365	3
facebook.com	/	charlene.steptore	200	410401953	82187702	223644709	19	5713857	3
facebook.com	/	profile.php	200	410422220	84141766	231113749	11	8194001	5
facebook.com	/	heather.b.waterhouse	200	410422051	84141766	231113749	10	8222324	5
facebook.com	/	vicki.anderson.14224	200	410422027	84141766	231113749	14	8222324	5
facebook.com	ajax/pagelet/generic.php	PhotoViewerInitPagelet	200	410422246	84141766	231113749	84	3927365	5
facebook.com	/	reagan.p.taylor	200	410422379	84141766	231113749	80	3927365	5
facebook.com	ajax/pagelet/generic.php	PhotoViewerInitPagelet	200	410422644	84141766	231113749	85	3927365	5
facebook.com	/	sydney.smith.399826	200	410412564	84141766	231113749	44	3531701	5
facebook.com	ajax/pagelet/generic.php	PhotoViewerInitPagelet	200	410421958	84141766	231113749	69	3927365	5
facebook.com	/	/	200	410412861	84141766	231113749	60	5713857	5
facebook.com	/	/	200	410422041	84141766	231113749	10	5713857	5
facebook.com	privacy/explanation	/	200	410470232	85383143	234177997	1	3531701	3
facebook.com	about/privacy	/	200	410470237	85383143	234177997	16	3531701	3
facebook.com	/	casandra.zapata	200	410470560	85383143	234177997	47	3531701	3
facebook.com	yvonne.owens.39	photos	200	410465053	87307957	236004445	13	5713857	3
facebook.com	/	/	200	410403344	86612059	236643565	55	6056310	5
facebook.com	ajax/home	generic.php	200	410403618	86612059	236643565	6	4408844	5
staples.com	netagent/proactive	Visitor.aspx	302	410477909	86612059	236643565	6	689143	5
staples.com	netagent/proactive	Visitor.aspx	302	410477880	86612059	236643565	6	689143	5
amazon.com	Lenovo-Twist-S230u-12-5-Inch-Ultrabook/product-reviews	B009MPBFNU	200	410477402	86612059	236643565	114	671065	3
staples.com	netagent/proactive	Visitor.aspx	302	410477755	86612059	236643565	6	689143	5
tigerdirect.com	/	index.asp	302	410476997	86612059	236643565	1	689434	3
tigerdirect.com	main	indexus.asp	200	410476998	86612059	236643565	23	689434	3
