tumblr.com	dashboard/3	39348652668	200	410413681	121724074	162677072	8	4499227	3
tumblr.com	dashboard/6	39343806307	200	410413760	121724074	162677072	16	4499227	3
youtube.com	/	watch	200	410401061	130078098	162750848	89	3718815	3
facebook.com	ajax/pagelet/generic.php	MoreStoriesPagelet	200	410423322	81095251	222095576	9	14932183	3
facebook.com	/	charmaine.l.chin	200	410468644	81095251	222095576	2	5713857	3
facebook.com	ajax/pagelet/generic.php	PhotoViewerInitPagelet	200	410423350	81095251	222095576	10	3927365	3
facebook.com	ajax/pagelet/generic.php	PhotoViewerInitPagelet	200	410423372	81095251	222095576	6	3927365	3
barnesandnoble.com	ws/CDS	json.asp	200	410472518	83372569	230186144	38	670981	3
youtube.com	/	results	200	410477567	84259147	232157744	11	3718815	3
youtube.com	/	/	200	410477396	84259147	232157744	14	6174440	3
facebook.com	ajax/pagelet/generic.php	MoreStoriesPagelet	200	410473560	71742862	233086784	25	14932183	5
facebook.com	ajax/pagelet/generic.php	MoreStoriesPagelet	200	410424898	71742862	233086784	51	14932183	5
facebook.com	farmville-two	/	200	410431191	71742862	233086784	57	15868848	5
facebook.com	dialog	apprequests	200	410424211	71742862	233086784	156	3531701	5
facebook.com	/	/	302	410473299	71742862	233086784	31	6056310	3
youtube.com	/	watch	200	410481316	85997726	233650808	23	3718815	3
youtube.com	/	watch	200	410481267	85997726	233650808	33	3718815	3
amazon.com	/	s	200	410479250	86233221	234179384	37	671065	3
amazon.com	/	s	200	410468781	86233221	234179384	370	671065	3
amazon.com	KDH6-DASFZ8ZN-1TB-Channel-Security-included-Weatherproof/dp	B008GMSLUA	200	410479640	86233221	234179384	1	671065	3
amazon.com	Lorex-Channel-Security-Resolution-Pan-Tilt-Zoom/product-reviews	B009T929HK	200	410478976	86233221	234179384	41	671065	3
amazon.com	Lorex-Channel-Security-Resolution-Pan-Tilt-Zoom/dp	B009T929HK	200	410469484	86233221	234179384	1	671065	3
amazon.com	gp/nemo/raw/handlers	raw.html?ie=UTF8&ASIN=B009T929HK&pageLocation=below-fold&bWidth=991&yPos=1817&_=1357077436096	200	410479018	86233221	234179384	95	671065	3
facebook.com	/	/	200	410468689	86233221	234179384	28	6056310	3
facebook.com	/	/	200	410468678	86233221	234179384	11	6056310	5
facebook.com	/	/	302	410469255	86233221	234179384	1	6056310	3
facebook.com	ajax/home	generic.php	200	410485413	85926934	234624704	120	4408844	5
facebook.com	/	/	302	410482625	85926934	234624704	9	6056310	3
facebook.com	ajax/pagelet/generic.php	MoreStoriesPagelet	200	410459565	85926934	234624704	5	14932183	5
facebook.com	ajax/pagelet/generic.php	MoreStoriesPagelet	200	410417667	85926934	234624704	93	14932183	5
facebook.com	ajax/pagelet/generic.php	MoreStoriesPagelet	200	410417474	85926934	234624704	193	14932183	5
facebook.com	ajax/pagelet/generic.php	MoreStoriesPagelet	200	410460008	85926934	234624704	253	14932183	5
facebook.com	ajax/home	generic.php	200	410481536	85926934	234624704	31	4408844	5
target.com	/	Home	200	410463551	85926934	234624704	120	689378	3
target.com	/	Home	200	410463546	85926934	234624704	5	689378	3
facebook.com	ajax/home	generic.php	200	410417418	85926934	234624704	56	4408844	5
facebook.com	ajax/home	generic.php	200	410484001	85926934	234624704	120	4408844	5
barnesandnoble.com	w/immersed-in-pleasure-tiffany-reisz	1107969052	200	410474142	88582517	237624344	40	670981	3
facebook.com	ajax/pagelet/generic.php	PhotoViewerInitPagelet	200	410461378	89081066	239579312	12	3927365	3
youtube.com	/	watch	200	410461485	89081066	239579312	217	3718815	5
facebook.com	/	index.php	200	410463740	89081066	239579312	60	3531701	5
facebook.com	/	profile.php	200	410463271	89081066	239579312	4	3531701	5
facebook.com	ajax/pagelet/generic.php	PhotoViewerInitPagelet	200	410461253	89081066	239579312	20	3927365	3
