tumblr.com	page	7	200	410484852	109536715	161521900	7	4499227	3
tumblr.com	/	logout	200	410485182	109536715	161521900	24	4499227	3
tumblr.com	page	11	200	410485129	109536715	161521900	10	4499227	3
tumblr.com	page	2	200	410485222	109536715	161521900	14	4499227	3
tumblr.com	page	13	200	410485139	109536715	161521900	3	4499227	3
tumblr.com	page	4	200	410484841	109536715	161521900	11	4499227	3
tumblr.com	/	/	200	410485142	109536715	161521900	30	4499227	3
tumblr.com	page	3	200	410485236	109536715	161521900	5	4499227	3
tumblr.com	page	6	200	410485107	109536715	161521900	5	4499227	3
tumblr.com	/	/	200	410484814	109536715	161521900	8	4499227	3
tumblr.com	/	/	200	410485088	109536715	161521900	1	4499227	3
tumblr.com	page	8	200	410484859	109536715	161521900	16	4499227	3
tumblr.com	page	2	200	410484832	109536715	161521900	4	4499227	3
tumblr.com	/	/	302	410485172	109536715	161521900	1	4499227	3
tumblr.com	page	5	200	410485102	109536715	161521900	5	4499227	3
tumblr.com	upload/image	image:entry background	200	410485112	109536715	161521900	1	4499227	3
tumblr.com	page	10	200	410484875	109536715	161521900	120	4499227	3
tumblr.com	/	/	200	410485078	109536715	161521900	3	4499227	3
tumblr.com	/	dashboard	200	410485173	109536715	161521900	9	4499227	3
youtube.com	/	/	200	410485013	109536715	161521900	6	6174440	3
youtube.com	/	/	200	410484735	109536715	161521900	2	6174440	3
tumblr.com	/	/	200	410485092	109536715	161521900	4	4499227	3
tumblr.com	/	/	200	410484824	109536715	161521900	2	4499227	3
tumblr.com	page	7	200	410485113	109536715	161521900	7	4499227	3
tumblr.com	page	9	200	410485120	109536715	161521900	0	4499227	3
tumblr.com	/	/	200	410485211	109536715	161521900	11	4499227	3
tumblr.com	page	3	200	410484836	109536715	161521900	5	4499227	3
tumblr.com	page	3	200	410485096	109536715	161521900	6	4499227	3
tumblr.com	upload/image	image:link bar background	200	410485120	109536715	161521900	9	4499227	3
amazon.com	gp/bit/apps/alexa/PING	ping?tagbase=realnetworks-abb&tbId=JTAOf1Jex500WK&thirdpartyid=&plugin=amzng-2.2.2012.275	200	410478750	114550505	162069412	21	671065	3
amazon.com	gp/bit/apps/alexa/PING	ping?tagbase=realnetworks-abb&tbId=ZOiOf1Jex500yb&thirdpartyid=&plugin=amznf-3.0.20121129&xpid=	200	410478608	114550505	162069412	15	671065	3
amazon.com	gp/bit/toolbar	3.0	200	410478771	114550505	162069412	19	671065	3
amazon.com	gp/bit/toolbar	3.0	200	410478607	114550505	162069412	1	671065	3
youtube.com	/	watch	200	410470410	105805375	162111028	33	3718815	3
youtube.com	/	watch	200	410479128	113561953	162112468	120	6928214	3
youtube.com	/	watch	200	410477685	113561953	162112468	205	3718815	3
youtube.com	/	watch	200	410477890	113561953	162112468	120	3718815	3
youtube.com	/	watch	200	410478745	113561953	162112468	252	3718815	3
youtube.com	/	watch	200	410478997	113561953	162112468	81	3718815	3
youtube.com	/	results	200	410479078	113561953	162112468	50	3718815	3
youtube.com	/	results	200	410477640	113561953	162112468	45	3718815	3
youtube.com	/	watch	200	410478425	113561953	162112468	120	6928214	3
youtube.com	/	watch	200	410478075	113561953	162112468	350	6928214	3
amazon.com	gp/bit/toolbar	3.0	200	410480019	120958435	162330436	2	671065	3
amazon.com	gp/bit/apps/alexa/PING	ping?tagbase=realnetworks-abb&tbId=0JNYf1xlCi00q+&thirdpartyid=&plugin=amzng-2.2.2012.275	200	410480018	120958435	162330436	1	671065	3
facebook.com	dialog	apprequests	200	410480763	123192829	162438676	480	3531701	5
facebook.com	dialog	apprequests	200	410481260	123192829	162438676	4	3531701	5
facebook.com	dialog	apprequests	200	410480759	123192829	162438676	4	3531701	5
facebook.com	dialog	apprequests	200	410481243	123192829	162438676	6	3531701	5
facebook.com	dialog	apprequests	200	410481264	123192829	162438676	17	3531701	5
facebook.com	dialog	apprequests	200	410481249	123192829	162438676	11	3531701	5
facebook.com	dragoncity	/	200	410469831	123849290	162477772	42	4761456	5
youtube.com	/	/	200	410410981	126625812	162587764	47	6174440	3
youtube.com	/	results	200	410411575	126625812	162587764	9	3718815	3
youtube.com	/	watch	200	410412429	126625812	162587764	120	3718815	3
youtube.com	/	results	200	410411028	126625812	162587764	120	3718815	3
youtube.com	/	watch	200	410416557	126625812	162587764	600	3718815	3
youtube.com	/	watch	200	410411584	126625812	162587764	120	3718815	3
youtube.com	/	results	200	410416535	126625812	162587764	22	3718815	3
youtube.com	/	watch	200	410416214	126625812	162587764	44	3718815	3
youtube.com	/	watch	200	410416032	126625812	162587764	31	3718815	3
youtube.com	/	watch	200	410416182	126625812	162587764	32	3718815	3
youtube.com	/	watch	200	410411323	126625812	162587764	120	6928214	3
youtube.com	/	/	200	410482511	126432608	162588124	22	6174440	3
youtube.com	/	watch	200	410482575	126432608	162588124	24	3718815	3
youtube.com	user/SuperGoomba554	videos	200	410486116	126432608	162588124	14	3718815	3
youtube.com	/	results	200	410485974	126432608	162588124	8	3718815	3
youtube.com	/	results	200	410477718	126432608	162588124	8	3718815	3
youtube.com	/	results	200	410482533	126432608	162588124	18	3718815	3
youtube.com	/	watch	200	410482599	126432608	162588124	88	3718815	3
youtube.com	/	watch	200	410477608	126432608	162588124	23	3718815	3
youtube.com	/	watch	200	410486161	126432608	162588124	60	3718815	3
youtube.com	/	watch	200	410482687	126432608	162588124	120	3718815	3
youtube.com	/	watch	200	410477753	126432608	162588124	17	3718815	3
youtube.com	/	watch	200	410485999	126432608	162588124	6	3718815	3
youtube.com	/	/	200	410477923	126432608	162588124	20	6174440	3
youtube.com	/	/	200	410485933	126432608	162588124	12	6174440	3
youtube.com	/	/	200	410477572	126432608	162588124	11	6174440	3
facebook.com	dialog	apprequests	200	410485681	126759810	162601684	120	3531701	5
amazon.com	/	websearch	200	410483944	130677559	162770308	8	671065	3
youtube.com	/	watch	204	410459095	131383432	162801124	120	3718815	3
facebook.com	/	/	200	410463419	131792758	162820132	120	6056310	3
facebook.com	/	/	302	410463384	131792758	162820132	35	6056310	3
facebook.com	ajax/pagelet/generic.php	MoreStoriesPagelet	200	410463597	131792758	162820132	120	14932183	3
youtube.com	/	/	200	410462864	131203829	162838780	99	6174440	3
youtube.com	/	/	200	410486156	133388006	162895348	5	6174440	3
youtube.com	/	results	200	410486172	133388006	162895348	0	3718815	3
youtube.com	/	results	200	410486184	133388006	162895348	6	3718815	3
youtube.com	/	watch	200	410486190	133388006	162895348	5	10579628	3
youtube.com	/	watch	200	410401259	58795703	201999868	14	3718815	3
youtube.com	/	watch	200	410401229	58795703	201999868	30	3718815	3
amazon.com	gp/css	order-history	200	410475575	58795703	201999868	36	671065	5
amazon.com	gp/css	order-history	200	410405387	58795703	201999868	23	671065	5
facebook.com	common	history_manager.php	200	410485178	68499815	205387948	91	3531701	3
facebook.com	common	history_manager.php	200	410484796	68499815	205387948	79	3531701	3
facebook.com	common	history_manager.php	200	410485057	68499815	205387948	80	3531701	3
facebook.com	common	history_manager.php	200	410485170	68499815	205387948	8	3531701	3
facebook.com	common	history_manager.php	200	410484913	68499815	205387948	36	3531701	3
facebook.com	common	history_manager.php	200	410484955	68499815	205387948	102	3531701	3
facebook.com	common	history_manager.php	200	410484897	68499815	205387948	16	3531701	3
facebook.com	common	history_manager.php	200	410484875	68499815	205387948	22	3531701	3
facebook.com	ajax/pagelet/generic.php	PhotoViewerInitPagelet	200	410484773	68499815	205387948	23	3927365	3
facebook.com	ajax/pagelet/generic.php	PhotoViewerInitPagelet	200	410485137	68499815	205387948	33	3927365	3
facebook.com	ajax/pagelet/generic.php	PhotoViewerPagelet	200	410484949	68499815	205387948	6	3927365	3
facebook.com	/	genedominguez0313	200	410485389	68499815	205387948	50	5713857	3
facebook.com	/	/	200	410485439	68499815	205387948	15	5713857	3
facebook.com	/	/	200	410485454	68499815	205387948	60	5713857	3
facebook.com	/	/	200	410484606	68499815	205387948	60	6056310	5
facebook.com	/	/	302	410484597	68499815	205387948	9	6056310	3
facebook.com	/	/	200	410484666	68499815	205387948	44	6056310	3
facebook.com	/	joel.chavez.1420	200	410485269	68499815	205387948	40	8222324	3
facebook.com	ajax/pagelet/generic.php	ProfileTimelineSectionPagelet	200	410485309	68499815	205387948	56	13704975	3
facebook.com	ajax/pagelet/generic.php	MoreStoriesPagelet	200	410484722	68499815	205387948	51	14932183	3
facebook.com	ajax/pagelet/generic.php	MoreStoriesPagelet	200	410484710	68499815	205387948	12	14932183	3
facebook.com	/	/	200	410400203	82823788	224546188	120	3531701	5
facebook.com	/	tara.henslee	200	410467535	83943164	231058660	7	5713857	3
facebook.com	/	/	302	410467175	83943164	231058660	1	6056310	3
facebook.com	/	/	200	410467176	83943164	231058660	16	6056310	5
facebook.com	/	/	200	410467192	83943164	231058660	120	6056310	3
facebook.com	/	/	302	410467169	83943164	231058660	6	6056310	3
facebook.com	/	tara.henslee	200	410467555	83943164	231058660	68	5713857	3
facebook.com	ajax/pagelet/generic.php	MoreStoriesPagelet	200	410467344	83943164	231058660	127	14932183	3
facebook.com	ajax/pagelet/generic.php	MoreStoriesPagelet	200	410467511	83943164	231058660	24	14932183	3
facebook.com	ajax/pagelet/generic.php	MoreStoriesPagelet	200	410467471	83943164	231058660	40	14932183	3
facebook.com	common	history_manager.php	200	410467542	83943164	231058660	13	3531701	3
facebook.com	ajax/pagelet/generic.php	MoreStoriesPagelet	200	410401257	85921075	233543356	38	14932183	3
facebook.com	ajax/pagelet/generic.php	MoreStoriesPagelet	200	410432574	85921075	233543356	64	14932183	3
facebook.com	ajax/pagelet/generic.php	MoreStoriesPagelet	200	410432638	85921075	233543356	24	14932183	3
facebook.com	ajax/pagelet/generic.php	ProfileTimelineSectionPagelet	200	410458779	85921075	233543356	4	13704975	3
facebook.com	/	/	200	410458783	85921075	233543356	60	5713857	3
facebook.com	pachipunk/posts	424387057633048	200	410458773	85921075	233543356	6	5713857	3
facebook.com	/	mathew.mottu	200	410401295	85921075	233543356	23	5713857	3
facebook.com	/	/	200	410401231	85921075	233543356	26	6056310	3
facebook.com	/	/	200	410401229	85921075	233543356	2	6056310	3
facebook.com	/	/	200	410466688	85921075	233543356	4	6056310	3
facebook.com	/	/	200	410458768	85921075	233543356	5	6056310	3
facebook.com	/	/	200	410401318	85921075	233543356	94	5713857	3
facebook.com	ajax/home	generic.php	200	410401412	85921075	233543356	13	4408844	3
facebook.com	ajax/home	generic.php	200	410466692	85921075	233543356	60	4408844	3
facebook.com	ajax/pagelet/generic.php	PhotoViewerInitPagelet	200	410401425	85921075	233543356	60	3927365	3
facebook.com	ajax/pagelet/generic.php	ProfileTimelineSectionPagelet	200	410459994	85709726	233599468	120	13704975	5
facebook.com	alvin.tucker.16/posts	4000099932786	200	410459597	85709726	233599468	120	5713857	5
youtube.com	/	watch	200	410400278	87304494	236175148	79	3718815	3
facebook.com	ajax/pagelet/generic.php	ProfileTimelineRemainingYearsPagelet	200	410403066	87304494	236175148	61	4408844	3
facebook.com	ajax/pagelet/generic.php	ProfileTimelineRemainingYearsPagelet	200	410400151	87304494	236175148	31	4408844	3
facebook.com	/	/	200	410400182	87304494	236175148	96	5713857	3
facebook.com	ajax/pagelet/generic.php	ProfileTimelineSectionPagelet	200	410402691	87304494	236175148	96	13704975	3
facebook.com	ajax/pagelet/generic.php	ProfileTimelineSectionPagelet	200	410403004	87304494	236175148	38	13704975	3
facebook.com	ajax/pagelet/generic.php	ProfileTimelineSectionPagelet	200	410400145	87304494	236175148	6	13704975	3
facebook.com	ajax/pagelet/generic.php	ProfileTimelineSectionPagelet	200	410402447	87304494	236175148	205	13704975	3
facebook.com	ajax/pagelet/generic.php	ProfileTimelineSectionPagelet	200	410403042	87304494	236175148	24	13704975	3
facebook.com	ajax/pagelet/generic.php	ProfileTimelineSectionPagelet	200	410402652	87304494	236175148	39	13704975	3
facebook.com	ajax/pagelet/generic.php	ProfileTimelineSectionPagelet	200	410402925	87304494	236175148	8	13704975	3
facebook.com	ajax/pagelet/generic.php	ProfileTimelineSectionPagelet	200	410402787	87304494	236175148	92	13704975	3
facebook.com	ajax/pagelet/generic.php	ProfileTimelineSectionPagelet	200	410402879	87304494	236175148	46	13704975	3
facebook.com	ajax/pagelet/generic.php	ProfileTimelineSectionPagelet	200	410400357	87304494	236175148	600	13704975	3
facebook.com	ajax/pagelet/generic.php	ProfileTimelineSectionPagelet	200	410402976	87304494	236175148	28	13704975	3
facebook.com	ajax/pagelet/generic.php	ProfileTimelineSectionPagelet	200	410402237	87304494	236175148	81	13704975	3
facebook.com	ajax/pagelet/generic.php	ProfileTimelineSectionPagelet	200	410402318	87304494	236175148	129	13704975	3
facebook.com	ajax/pagelet/generic.php	ProfileTimelineSectionPagelet	200	410402933	87304494	236175148	43	13704975	3
facebook.com	/	timothy.brammer.353	200	410412452	87654629	238040620	31	8222324	5
facebook.com	/	timothy.brammer.353	200	410411969	87654629	238040620	26	8222324	5
facebook.com	/	/	200	410411904	87654629	238040620	65	6056310	5
facebook.com	/	/	200	410413381	87654629	238040620	3	6056310	5
facebook.com	/	anthony.brammer.50	200	410412068	87654629	238040620	7	5713857	5
facebook.com	/	/	200	410412483	87654629	238040620	28	5713857	5
facebook.com	ajax/pagelet/generic.php	MoreStoriesPagelet	200	410412511	87654629	238040620	11	14932183	5
facebook.com	ajax/pagelet/generic.php	MoreStoriesPagelet	200	410411708	87654629	238040620	14	14932183	5
facebook.com	ajax/pagelet/generic.php	MoreStoriesPagelet	200	410412860	87654629	238040620	2	14932183	5
facebook.com	ajax/pagelet/generic.php	ProfileTimelineSectionPagelet	200	410412075	87654629	238040620	4	13704975	5
facebook.com	ajax/pagelet/generic.php	ProfileTimelineSectionPagelet	200	410411995	87654629	238040620	55	13704975	5
facebook.com	/	izzle.brammer	200	410412050	87654629	238040620	18	5713857	5
facebook.com	/	/	200	410411868	87654629	238040620	22	5713857	3
facebook.com	/	/	200	410412079	87654629	238040620	17	5713857	5
facebook.com	/	index.php	200	410411890	87654629	238040620	14	3531701	5
facebook.com	find-friends/browser	/	200	410412338	87654629	238040620	35	3531701	5
facebook.com	/	brammerpam	200	410411817	87654629	238040620	51	3531701	3
facebook.com	/	/	200	410412832	87654629	238040620	28	3531701	5
facebook.com	/	izzle.brammer	200	410412373	87654629	238040620	79	3531701	5
facebook.com	doubledowncasino	/	200	410411723	87654629	238040620	6	4761456	3
facebook.com	doubledowncasino	/	200	410411722	87654629	238040620	1	4761456	3
facebook.com	sendmylove	/	200	410412524	87654629	238040620	10	4761456	5
facebook.com	doubledowncasino	/	200	410413184	87654629	238040620	14	4761456	5
facebook.com	doubledowncasino	/	200	410412096	87654629	238040620	14	4761456	5
facebook.com	doubledowncasino	/	200	410412899	87654629	238040620	1	4761456	5
facebook.com	sendmylove	/	302	410412522	87654629	238040620	2	4761456	3
