youtube.com	/	results	200	410414242	125040691	162514946	14	3718815	5
youtube.com	/	results	200	410478867	125040691	162514946	13	3718815	3
youtube.com	/	/	200	410479623	125040691	162514946	13	6174440	3
youtube.com	/	/	200	410476003	125040691	162514946	9	6174440	3
facebook.com	pages/A-Family-That-Prays-Together-Stays-Together	255256893328	200	410474951	72064961	210376490	23	8222321	3
facebook.com	latoya.m.lewis/posts	103263199843896	200	410400343	72064961	210376490	25	5713857	3
facebook.com	ajax/pagelet/generic.php	ProfileTimelineSectionPagelet	200	410475645	72064961	210376490	77	13704975	3
facebook.com	ajax/pagelet/generic.php	MoreStoriesPagelet	200	410475342	72064961	210376490	112	14932183	3
facebook.com	ajax/pagelet/generic.php	MoreStoriesPagelet	200	410474670	72064961	210376490	226	14932183	3
facebook.com	ajax/pagelet/generic.php	PhotoViewerInitPagelet	200	410474974	72064961	210376490	60	3927365	3
facebook.com	/	/	200	410439445	72093497	217011074	37	6056310	3
facebook.com	ajax/pagelet/generic.php	ProfileTimelineSectionPagelet	200	410442259	72093497	217011074	7	13704975	3
facebook.com	ajax/pagelet/generic.php	ProfileTimelineSectionPagelet	200	410439506	72093497	217011074	11	13704975	3
facebook.com	ajax/pagelet/generic.php	ProfileTimelineSectionPagelet	200	410443620	72093497	217011074	31	13704975	3
facebook.com	ajax/pagelet/generic.php	PhotoViewerPagelet	200	410442266	72093497	217011074	14	3927365	3
facebook.com	ajax/pagelet/generic.php	PhotoViewerPagelet	200	410442280	72093497	217011074	19	3927365	3
facebook.com	pioneertrail	/	200	410459382	49783354	217509362	11	15868846	5
facebook.com	pioneertrail	reward.php	200	410473470	49783354	217509362	20	15868846	5
facebook.com	pioneertrail	/	200	410474858	49783354	217509362	18	15868846	5
facebook.com	pioneertrail	reward.php	200	410459364	49783354	217509362	13	15868846	5
facebook.com	pioneertrail	index.php	200	410454716	49783354	217509362	8	15868846	5
facebook.com	ajax/pagelet/generic.php	ProfileTimelineSectionPagelet	200	410454339	49783354	217509362	7	13704975	5
facebook.com	ajax/pagelet/generic.php	MoreStoriesPagelet	200	410476577	49783354	217509362	13	14932183	5
facebook.com	ajax/pagelet/generic.php	MoreStoriesPagelet	200	410467436	49783354	217509362	14	14932183	5
facebook.com	ajax/pagelet/generic.php	ProfileTimelineSectionPagelet	200	410413094	49783354	217509362	20	13704975	5
facebook.com	ajax/pagelet/generic.php	MoreStoriesPagelet	200	410405859	49783354	217509362	22	14932183	5
facebook.com	ajax/pagelet/generic.php	MoreStoriesPagelet	200	410406874	49783354	217509362	33	14932183	5
facebook.com	ajax/pagelet/generic.php	MoreStoriesPagelet	200	410418157	49783354	217509362	25	14932183	5
facebook.com	pioneertrail	/	200	410475027	49783354	217509362	27	15868846	5
facebook.com	pioneertrail	/	200	410473005	49783354	217509362	18	15868846	5
facebook.com	pioneertrail	reward.php	200	410473525	49783354	217509362	17	15868846	5
facebook.com	pioneertrail	reward.php	200	410473606	49783354	217509362	25	15868846	5
facebook.com	pioneertrail	/	200	410473333	49783354	217509362	25	15868846	5
facebook.com	pioneertrail	reward.php	200	410476288	49783354	217509362	20	15868846	5
facebook.com	pioneertrail	reward.php	200	410473631	49783354	217509362	25	15868846	5
facebook.com	pioneertrail	reward.php	200	410459295	49783354	217509362	14	15868846	5
facebook.com	pioneertrail	reward.php	200	410475230	49783354	217509362	21	15868846	5
facebook.com	pioneertrail	reward.php	200	410475121	49783354	217509362	8	15868846	5
facebook.com	pioneertrail	/	200	410475262	49783354	217509362	32	15868846	5
facebook.com	pioneertrail	reward.php	200	410473202	49783354	217509362	23	15868846	5
facebook.com	pioneertrail	reward.php	200	410476824	49783354	217509362	25	15868846	5
facebook.com	pioneertrail	reward.php	200	410473806	49783354	217509362	11	15868846	5
facebook.com	pioneertrail	reward.php	200	410467821	49783354	217509362	18	15868846	5
facebook.com	pioneertrail	reward.php	200	410467893	49783354	217509362	19	15868846	5
facebook.com	pioneertrail	reward.php	200	410472931	49783354	217509362	7	15868846	5
facebook.com	pioneertrail	/	200	410473301	49783354	217509362	14	15868846	5
facebook.com	pioneertrail	/	200	410473966	49783354	217509362	2	15868846	5
facebook.com	pioneertrail	reward.php	200	410475475	49783354	217509362	26	15868846	5
facebook.com	pioneertrail	reward.php	200	410474891	49783354	217509362	10	15868846	5
facebook.com	pioneertrail	reward.php	200	410474221	49783354	217509362	10	15868846	5
facebook.com	pioneertrail	/	200	410467882	49783354	217509362	11	15868846	5
facebook.com	pioneertrail	reward.php	200	410473225	49783354	217509362	10	15868846	5
facebook.com	dialog	apprequests	200	410403227	49783354	217509362	4	3531701	5
facebook.com	playbuggle	/	200	410418231	49783354	217509362	3	4761456	5
facebook.com	ajax/pagelet/generic.php	ProfileTimelineRemainingYearsPagelet	200	410454351	49783354	217509362	36	4408844	5
facebook.com	/	/	200	410409690	49783354	217509362	93	3531701	5
facebook.com	dialog	apprequests	200	410403203	49783354	217509362	4	3531701	5
facebook.com	/	/	200	410478963	49783354	217509362	31	3531701	5
facebook.com	dialog	apprequests	200	410406088	49783354	217509362	120	3531701	5
facebook.com	/	/	200	410476146	49783354	217509362	14	3531701	5
facebook.com	/	/	200	410468440	49783354	217509362	16	3531701	5
facebook.com	dialog	apprequests	200	410456986	49783354	217509362	4	3531701	5
facebook.com	dialog	apprequests	200	410477098	49783354	217509362	7	3531701	5
facebook.com	dialog	apprequests	200	410456990	49783354	217509362	4	3531701	5
facebook.com	/	/	200	410474246	49783354	217509362	9	3531701	5
facebook.com	/	/	200	410454635	49783354	217509362	49	5713857	5
facebook.com	/	sasysusan	200	410474093	49783354	217509362	4	5713857	5
facebook.com	/	/	302	410453302	49783354	217509362	21	6056310	3
facebook.com	/	amanda.tanksleythomas	200	410413015	49783354	217509362	7	5713857	5
facebook.com	/	/	200	410479006	49783354	217509362	11	5713857	5
facebook.com	/	/	200	410463415	49783354	217509362	10	6056310	5
facebook.com	ajax/pagelet/generic.php	ProfileTimelineSectionPagelet	200	410417228	77905778	217537898	14	13704975	5
facebook.com	ajax/pagelet/generic.php	ProfileTimelineSectionPagelet	200	410416467	77905778	217537898	8	13704975	5
facebook.com	ajax/pagelet/generic.php	PhotoViewerInitPagelet	200	410418002	77905778	217537898	63	3927365	5
facebook.com	/	/	200	410415919	77905778	217537898	6	6056310	5
facebook.com	/	neviduziel.sevillacorredor	200	410417407	77905778	217537898	6	5713857	5
amazon.com	Audio-Cable-Adapter-XBOX-360-Slim/dp	B002P35JMO	200	410485799	78167107	219666218	13	671065	3
amazon.com	/	s	200	410485777	78167107	219666218	22	671065	3
amazon.com	gp/offer-listing	B002P35JMO	200	410486008	78167107	219666218	28	671065	3
facebook.com	wordswithfriends	/	200	410466726	79814865	220529090	3	15138170	5
facebook.com	/	home.php	200	410466026	79814865	220529090	120	8045108	5
facebook.com	bejeweledblitz	/	200	410469828	79814865	220529090	120	4761456	5
facebook.com	mj-three-towers	/	200	410468154	79814865	220529090	120	4761456	5
facebook.com	dialog	apprequests	200	410466907	79814865	220529090	43	3531701	5
facebook.com	breelife/posts	4666266288629	200	410466950	79814865	220529090	9	3531701	5
facebook.com	dialog	apprequests	200	410468860	79814865	220529090	17	3531701	5
facebook.com	dialog	apprequests	200	410470011	79814865	220529090	1	3531701	5
facebook.com	/	/	200	410470595	79814865	220529090	40	3531701	5
facebook.com	ajax	updatestatus.php	200	410465978	79814865	220529090	33	4408844	5
facebook.com	/	/	200	410467861	80650267	221536850	120	6056310	5
facebook.com	/	/	200	410410027	80650267	221536850	113	6056310	5
facebook.com	playtpirslots	/	200	410467498	80650267	221536850	14	4761456	5
facebook.com	candycrush	/	200	410410406	80650267	221536850	18	4761456	5
facebook.com	playtpirslots	rewardable_link	200	410467442	80650267	221536850	56	4761456	5
facebook.com	/	/	200	410466728	80650267	221536850	79	6056310	5
facebook.com	playtpirslots	rewardable_link	200	410467608	80650267	221536850	7	4761456	5
facebook.com	playtpirslots	rewardable_link	200	410467294	80650267	221536850	120	4761456	5
facebook.com	playtpirslots	/	200	410466818	80650267	221536850	89	4761456	5
facebook.com	ajax/pagelet/generic.php	ProfileTimelineSectionPagelet	200	410408612	83276563	230197514	60	13704975	5
barnesandnoble.com	/	library.html	302	410472248	84552619	231546698	2	670981	5
facebook.com	ajax/pagelet/generic.php	MoreStoriesPagelet	200	410424919	84552619	231546698	41	14932183	5
barnesandnoble.com	/	index.html	200	410472250	84552619	231546698	15	670981	5
youtube.com	/	/	200	410418858	86050203	233795546	74	6174440	3
facebook.com	ajax/pagelet/generic.php	ProfileTimelineSectionPagelet	200	410420426	86058947	234608474	76	13704975	3
facebook.com	/	/	302	410410932	86058947	234608474	42	3531701	3
victoriassecret.com	sale	bras	200	410463483	85600779	235525682	42	689341	3
victoriassecret.com	beauty	body-mists	200	410463557	85600779	235525682	40	689341	3
facebook.com	ajax/pagelet/generic.php	MoreStoriesPagelet	200	410483411	87953283	236664194	16	14932183	5
facebook.com	ajax/pagelet/generic.php	ProfileTimelineSectionPagelet	200	410479437	87953283	236664194	23	13704975	5
facebook.com	dialog	apprequests	200	410403219	87953283	236664194	120	3531701	5
facebook.com	travis.baker.39395033	photos_albums	200	410402847	87953283	236664194	6	5713857	5
facebook.com	/	william.mace.9659	200	410402820	87953283	236664194	8	5713857	5
facebook.com	ajax/pagelet/generic.php	MoreStoriesPagelet	200	410412976	88171080	237130322	120	14932183	3
