youtube.com	/	/	200	410414090	122858646	162429672	21	6174440	3
tumblr.com	/	login	200	410412812	122858646	162429672	33	4499227	5
shopathome.com	deals	holidays.aspx	200	410416506	126265936	162590112	73	690542	3
finishline.com	store/product/nike-revolution-mens-running-shoes/_	A-959	200	410415961	126834297	162607272	6	708595	3
facebook.com	/	settings	200	410409282	67699138	212294064	1	3531701	3
facebook.com	/	login.php	200	410463931	84612760	232199208	61	12438930	5
facebook.com	ajax/pagelet/generic.php	MoreStoriesPagelet	200	410463719	84612760	232199208	31	14932183	5
facebook.com	/	home.php	200	410463562	84612760	232199208	96	3531701	5
facebook.com	ajax/pagelet/generic.php	PhotoViewerInitPagelet	200	410464278	84612760	232199208	59	3927365	5
walmart.com	search	search-ng.do	200	410460420	88624762	238007976	82	689423	3
bedbathandbeyond.com	search/search.aspx/money-safes	/	200	410459968	88624762	238007976	0	704233	3
tumblr.com	dashboard/2	39419575953	200	410484979	88180100	238588944	7	4499227	3
tumblr.com	reblog/39419327286	l8mLukVF	302	410484933	88180100	238588944	5	4499227	3
bedbathandbeyond.com	/	default.asp	200	410479853	88180100	238588944	25	704233	3
facebook.com	/	profile.php	200	410476569	88386301	238593984	76	8194001	5
facebook.com	/	/	200	410478721	88386301	238593984	25	6056310	5
facebook.com	/	logout.php	302	410477075	88386301	238593984	5	4934870	5
tumblr.com	/	/	200	410404110	89355250	239138616	2	4499227	3
tumblr.com	like	Nn2rn3je	200	410471130	89355250	239138616	29	4499227	3
tumblr.com	likes/page	2	200	410471634	89355250	239138616	5	4499227	3
tumblr.com	dashboard/4	39401112931	200	410472050	89355250	239138616	7	4499227	3
tumblr.com	like	SjKHIATV	200	410469460	89355250	239138616	10	4499227	3
tumblr.com	dashboard/18	39399132187	200	410470592	89355250	239138616	15	4499227	3
tumblr.com	dashboard/5	39355842322	200	410414062	89355250	239138616	1	4499227	3
tumblr.com	like	psoWmqpC	200	410405600	89355250	239138616	1	4499227	3
tumblr.com	like	498VOx1S	200	410405727	89355250	239138616	0	4499227	3
tumblr.com	dashboard/7	39397584299	200	410469074	89355250	239138616	15	4499227	3
tumblr.com	dashboard/18	39397337925	200	410469923	89355250	239138616	6	4499227	3
tumblr.com	dashboard/11	39399269577	200	410470480	89355250	239138616	7	4499227	3
tumblr.com	dashboard/17	39397365945	200	410469895	89355250	239138616	4	4499227	3
tumblr.com	/	/	200	410470493	89355250	239138616	6	4499227	3
tumblr.com	dashboard/17	39399156997	200	410470565	89355250	239138616	6	4499227	3
tumblr.com	/	/	200	410468497	89355250	239138616	7	4499227	3
tumblr.com	page	2	200	410401212	89355250	239138616	4	4499227	3
tumblr.com	like	Wwu2NJup	200	410470252	89355250	239138616	7	4499227	3
tumblr.com	blog/pina-colada-amour/followers/page	1	200	410403392	89355250	239138616	3	4499227	3
twitter.com	_HarrysBowTie/status/285905842753134592/photo	1	302	410401951	89355250	239138616	2	4272659	3
twitter.com	I_L0ve_Nialler/media	slideshow	302	410472493	89355250	239138616	16	4272659	5
twitter.com	ForeverHipsta/status/286198855681339392/photo	1	200	410471995	89355250	239138616	4	4272659	5
twitter.com	tijen_ccc/status/285903450917715970/photo	1	302	410401439	89355250	239138616	2	4272659	3
youtube.com	/	results	200	410471414	89355250	239138616	2	3718815	3
youtube.com	/	watch	200	410476435	89355250	239138616	20	3718815	3
tumblr.com	page	3	200	410405319	89355250	239138616	2	4499227	3
tumblr.com	/	/	200	410404057	89355250	239138616	3	4499227	3
tumblr.com	like	mcGDdOyT	200	410470571	89355250	239138616	18	4499227	3
tumblr.com	dashboard/16	39399179936	200	410470545	89355250	239138616	9	4499227	3
tumblr.com	dashboard/3	39397628498	200	410468976	89355250	239138616	23	4499227	3
tumblr.com	likes/page	17	200	410400330	89355250	239138616	3	4499227	3
tumblr.com	dashboard/9	39348299248	200	410405745	89355250	239138616	6	4499227	3
twitter.com	tijen_ccc/status/285902647435853825/photo	1	302	410401138	89355250	239138616	2	4272659	3
twitter.com	ItHad2bMel/status/285999036165660672/photo	1	200	410468720	89355250	239138616	25	4272659	5
twitter.com	/	ForeverHipsta	200	410472010	89355250	239138616	6	4272659	5
twitter.com	stylator69/status/285901115919331328/photo	1	302	410400836	89355250	239138616	2	4272659	3
tumblr.com	/	dashboard	200	410401506	89355250	239138616	1	4499227	3
tumblr.com	/	dashboard	200	410472141	89355250	239138616	8	4499227	3
tumblr.com	dashboard/25	39397091979	200	410470202	89355250	239138616	0	4499227	3
tumblr.com	like	sLSlpoP5	200	410469470	89355250	239138616	4	4499227	3
tumblr.com	dashboard/6	39348341027	200	410405626	89355250	239138616	3	4499227	3
tumblr.com	dashboard/10	39397534963	200	410469190	89355250	239138616	3	4499227	3
